{"producer":{"name":"Blender","version":"3.4.1","exporter_version":"3.3.0","file":"akai.babylon"},
"autoClear":true,"clearColor":[0.0509,0.0509,0.0509],"gravity":[0,-9.81,0],
"materials":[{"name":"Material","id":"Material","customType":"BABYLON.PBRMaterial","albedo":[0.8,0.8,0.8],"emissive":[0,0,0],"reflectivity":[0.5,0.5,0.5],"roughness":0.5,"metallic":0}],
"skeletons":[{"name":"Character","id":0,"dimensionsAtRest":[194.9131,36.1537,220.5302],"bones":[
{"name":"mixamorig:Hips","index":0,"matrix":[1,0,0.0001,0,-0.0001,0,1,0,0,1,0,0,0.03,0.2518,112.559,1],"rest":[1,0,0.0001,0,-0.0001,0,1,0,0,1,0,0,0.0024,0.2843,112.559,1],"parentBoneIndex":-1,"length":11.0822
,"animation":
{"name":"anim","property":"_matrix","dataType":3,"framePerSecond":30,"loopBehavior":1,"keys":[
{"frame":1,"values":[0.9999,0.0102,-0.0034,0,-0.0102,0.9999,-0.0014,0,-0.0034,-0.0014,-1,0,0.3445,-1.7065,106.8591,1]},
{"frame":2,"values":[0.9999,0.0103,-0.0038,0,-0.0103,0.9999,-0.0016,0,-0.0038,-0.0016,-1,0,0.2196,-1.7575,106.8813,1]},
{"frame":3,"values":[0.9999,0.0104,-0.0046,0,-0.0104,0.9999,-0.002,0,-0.0046,-0.0021,-1,0,0.0977,-1.813,106.9102,1]},
{"frame":4,"values":[0.9999,0.0104,-0.006,0,-0.0104,0.9999,-0.0028,0,-0.006,-0.0028,-1,0,-0.0123,-1.8806,106.9568,1]},
{"frame":5,"values":[0.9999,0.0103,-0.0079,0,-0.0104,0.9999,-0.0038,0,-0.0078,-0.0039,-1,0,-0.1037,-1.9643,107.0261,1]},
{"frame":6,"values":[0.9999,0.0101,-0.0101,0,-0.0102,0.9999,-0.0051,0,-0.0101,-0.0052,-0.9999,0,-0.1807,-2.0557,107.1082,1]},
{"frame":7,"values":[0.9999,0.01,-0.0126,0,-0.01,0.9999,-0.0064,0,-0.0125,-0.0066,-0.9999,0,-0.2599,-2.1334,107.1852,1]},
{"frame":8,"values":[0.9998,0.01,-0.0152,0,-0.0101,0.9999,-0.0079,0,-0.0151,-0.008,-0.9999,0,-0.3574,-2.1765,107.2423,1]},
{"frame":9,"values":[0.9998,0.0102,-0.0178,0,-0.0103,0.9999,-0.0093,0,-0.0177,-0.0095,-0.9998,0,-0.4706,-2.1849,107.2824,1]},
{"frame":10,"values":[0.9997,0.0104,-0.0202,0,-0.0106,0.9999,-0.0106,0,-0.0201,-0.0108,-0.9997,0,-0.5855,-2.1712,107.3177,1]},
{"frame":11,"values":[0.9997,0.0104,-0.0224,0,-0.0107,0.9999,-0.0118,0,-0.0223,-0.012,-0.9997,0,-0.6921,-2.1449,107.3572,1]},
{"frame":12,"values":[0.9996,0.0104,-0.0244,0,-0.0107,0.9999,-0.0129,0,-0.0243,-0.0132,-0.9996,0,-0.7901,-2.1071,107.4019,1]},
{"frame":13,"values":[0.9996,0.0104,-0.0263,0,-0.0107,0.9998,-0.014,0,-0.0262,-0.0142,-0.9996,0,-0.8849,-2.056,107.4478,1]},
{"frame":14,"values":[0.9995,0.0104,-0.0282,0,-0.0108,0.9998,-0.015,0,-0.028,-0.0153,-0.9995,0,-0.9764,-1.9938,107.4922,1]},
{"frame":15,"values":[0.9995,0.0105,-0.03,0,-0.011,0.9998,-0.016,0,-0.0299,-0.0163,-0.9994,0,-1.0613,-1.9274,107.5356,1]},
{"frame":16,"values":[0.9994,0.0106,-0.0317,0,-0.0111,0.9998,-0.0169,0,-0.0316,-0.0172,-0.9994,0,-1.1379,-1.8628,107.5796,1]},
{"frame":17,"values":[0.9994,0.0106,-0.0333,0,-0.0112,0.9998,-0.0177,0,-0.0331,-0.0181,-0.9993,0,-1.2073,-1.8015,107.6248,1]},
{"frame":18,"values":[0.9993,0.0106,-0.0346,0,-0.0113,0.9998,-0.0185,0,-0.0344,-0.0188,-0.9992,0,-1.271,-1.7411,107.67,1]},
{"frame":19,"values":[0.9993,0.0107,-0.0358,0,-0.0114,0.9998,-0.0191,0,-0.0356,-0.0195,-0.9992,0,-1.3269,-1.6799,107.713,1]},
{"frame":20,"values":[0.9993,0.0106,-0.0368,0,-0.0114,0.9997,-0.0196,0,-0.0366,-0.02,-0.9991,0,-1.3694,-1.6175,107.7499,1]},
{"frame":21,"values":[0.9992,0.0105,-0.0377,0,-0.0113,0.9997,-0.0202,0,-0.0375,-0.0206,-0.9991,0,-1.3941,-1.5519,107.7767,1]},
{"frame":22,"values":[0.9992,0.0104,-0.0385,0,-0.0112,0.9997,-0.0206,0,-0.0383,-0.021,-0.999,0,-1.4014,-1.4778,107.7911,1]},
{"frame":23,"values":[0.9992,0.0103,-0.0391,0,-0.0111,0.9997,-0.021,0,-0.0389,-0.0214,-0.999,0,-1.395,-1.3916,107.7948,1]},
{"frame":24,"values":[0.9992,0.0102,-0.0395,0,-0.0111,0.9997,-0.0212,0,-0.0393,-0.0216,-0.999,0,-1.3766,-1.297,107.7922,1]},
{"frame":25,"values":[0.9992,0.0102,-0.0397,0,-0.0111,0.9997,-0.0213,0,-0.0394,-0.0217,-0.999,0,-1.3461,-1.2021,107.7857,1]},
{"frame":26,"values":[0.9992,0.0101,-0.0395,0,-0.011,0.9997,-0.0212,0,-0.0393,-0.0216,-0.999,0,-1.3041,-1.1125,107.775,1]},
{"frame":27,"values":[0.9992,0.0101,-0.0392,0,-0.0109,0.9997,-0.0211,0,-0.039,-0.0215,-0.999,0,-1.2527,-1.0306,107.7588,1]},
{"frame":28,"values":[0.9992,0.01,-0.0388,0,-0.0109,0.9997,-0.0208,0,-0.0386,-0.0212,-0.999,0,-1.1942,-0.9594,107.7378,1]},
{"frame":29,"values":[0.9992,0.01,-0.0382,0,-0.0108,0.9997,-0.0205,0,-0.038,-0.0209,-0.9991,0,-1.1356,-0.9021,107.7123,1]},
{"frame":30,"values":[0.9992,0.0101,-0.0375,0,-0.0108,0.9997,-0.0201,0,-0.0373,-0.0205,-0.9991,0,-1.0895,-0.8564,107.6777,1]},
{"frame":31,"values":[0.9993,0.0102,-0.0366,0,-0.0109,0.9997,-0.0196,0,-0.0364,-0.02,-0.9991,0,-1.0645,-0.8133,107.6259,1]},
{"frame":32,"values":[0.9993,0.0104,-0.0356,0,-0.0111,0.9998,-0.019,0,-0.0354,-0.0194,-0.9992,0,-1.0491,-0.7648,107.5525,1]},
{"frame":33,"values":[0.9994,0.0106,-0.0344,0,-0.0112,0.9998,-0.0183,0,-0.0342,-0.0187,-0.9992,0,-1.0154,-0.7116,107.4636,1]},
{"frame":34,"values":[0.9994,0.0107,-0.033,0,-0.0113,0.9998,-0.0176,0,-0.0328,-0.0179,-0.9993,0,-0.9408,-0.6597,107.3739,1]},
{"frame":35,"values":[0.9994,0.0107,-0.0315,0,-0.0112,0.9998,-0.0168,0,-0.0313,-0.0171,-0.9994,0,-0.823,-0.6134,107.2989,1]},
{"frame":36,"values":[0.9995,0.0105,-0.03,0,-0.011,0.9998,-0.0159,0,-0.0298,-0.0163,-0.9994,0,-0.6754,-0.5714,107.2448,1]},
{"frame":37,"values":[0.9995,0.0103,-0.0285,0,-0.0107,0.9998,-0.0151,0,-0.0283,-0.0154,-0.9995,0,-0.5136,-0.5304,107.2065,1]},
{"frame":38,"values":[0.9996,0.01,-0.0271,0,-0.0104,0.9998,-0.0144,0,-0.0269,-0.0147,-0.9995,0,-0.3476,-0.4892,107.1731,1]},
{"frame":39,"values":[0.9996,0.0099,-0.0257,0,-0.0102,0.9999,-0.0137,0,-0.0256,-0.0139,-0.9996,0,-0.1821,-0.4489,107.1363,1]},
{"frame":40,"values":[0.9997,0.0098,-0.0244,0,-0.0102,0.9999,-0.0129,0,-0.0242,-0.0132,-0.9996,0,-0.0223,-0.4114,107.0945,1]},
{"frame":41,"values":[0.9997,0.0099,-0.023,0,-0.0101,0.9999,-0.0122,0,-0.0229,-0.0124,-0.9997,0,0.1272,-0.3785,107.0517,1]},
{"frame":42,"values":[0.9997,0.0099,-0.0215,0,-0.0101,0.9999,-0.0114,0,-0.0214,-0.0116,-0.9997,0,0.2665,-0.3533,107.0132,1]},
{"frame":43,"values":[0.9998,0.0099,-0.02,0,-0.0102,0.9999,-0.0105,0,-0.0199,-0.0107,-0.9997,0,0.4009,-0.3392,106.9815,1]},
{"frame":44,"values":[0.9998,0.01,-0.0184,0,-0.0102,0.9999,-0.0096,0,-0.0183,-0.0098,-0.9998,0,0.5356,-0.3339,106.9536,1]},
{"frame":45,"values":[0.9998,0.01,-0.0169,0,-0.0102,0.9999,-0.0088,0,-0.0168,-0.0089,-0.9998,0,0.6725,-0.3306,106.9231,1]},
{"frame":46,"values":[0.9998,0.01,-0.0153,0,-0.0101,0.9999,-0.0079,0,-0.0153,-0.0081,-0.9999,0,0.8106,-0.3214,106.8852,1]},
{"frame":47,"values":[0.9999,0.01,-0.0138,0,-0.0101,0.9999,-0.0071,0,-0.0138,-0.0073,-0.9999,0,0.9486,-0.3037,106.8417,1]},
{"frame":48,"values":[0.9999,0.01,-0.0124,0,-0.0101,0.9999,-0.0063,0,-0.0123,-0.0064,-0.9999,0,1.0844,-0.2779,106.7989,1]},
{"frame":49,"values":[0.9999,0.0102,-0.0109,0,-0.0103,0.9999,-0.0055,0,-0.0109,-0.0056,-0.9999,0,1.2146,-0.2462,106.7623,1]},
{"frame":50,"values":[0.9999,0.0104,-0.0095,0,-0.0104,0.9999,-0.0047,0,-0.0094,-0.0048,-0.9999,0,1.336,-0.2128,106.732,1]},
{"frame":51,"values":[0.9999,0.0106,-0.008,0,-0.0106,0.9999,-0.0039,0,-0.008,-0.0039,-1,0,1.4495,-0.1858,106.7046,1]},
{"frame":52,"values":[0.9999,0.0107,-0.0066,0,-0.0107,0.9999,-0.0031,0,-0.0066,-0.0032,-1,0,1.5589,-0.1747,106.6769,1]},
{"frame":53,"values":[0.9999,0.0106,-0.0053,0,-0.0106,0.9999,-0.0024,0,-0.0053,-0.0024,-1,0,1.6642,-0.1836,106.6485,1]},
{"frame":54,"values":[0.9999,0.0105,-0.0041,0,-0.0105,0.9999,-0.0017,0,-0.0041,-0.0018,-1,0,1.7599,-0.2097,106.6215,1]},
{"frame":55,"values":[0.9999,0.0104,-0.0031,0,-0.0104,0.9999,-0.0011,0,-0.0031,-0.0012,-1,0,1.8401,-0.2454,106.5984,1]},
{"frame":56,"values":[0.9999,0.0104,-0.0024,0,-0.0104,0.9999,-0.0008,0,-0.0024,-0.0008,-1,0,1.9038,-0.2846,106.5818,1]},
{"frame":57,"values":[0.9999,0.0106,-0.0022,0,-0.0106,0.9999,-0.0006,0,-0.0022,-0.0007,-1,0,1.9559,-0.3262,106.5752,1]},
{"frame":58,"values":[0.9999,0.0107,-0.0025,0,-0.0107,0.9999,-0.0008,0,-0.0025,-0.0008,-1,0,2.0035,-0.3729,106.5828,1]},
{"frame":59,"values":[0.9999,0.0107,-0.0029,0,-0.0107,0.9999,-0.0011,0,-0.0029,-0.0011,-1,0,2.05,-0.4288,106.6049,1]},
{"frame":60,"values":[0.9999,0.0105,-0.0034,0,-0.0105,0.9999,-0.0013,0,-0.0034,-0.0014,-1,0,2.09,-0.4934,106.6355,1]},
{"frame":61,"values":[0.9999,0.0104,-0.0036,0,-0.0104,0.9999,-0.0014,0,-0.0036,-0.0015,-1,0,2.1142,-0.5609,106.6628,1]},
{"frame":62,"values":[0.9999,0.0103,-0.0035,0,-0.0103,0.9999,-0.0014,0,-0.0034,-0.0014,-1,0,2.1167,-0.6237,106.6769,1]},
{"frame":63,"values":[0.9999,0.0104,-0.0031,0,-0.0104,0.9999,-0.0012,0,-0.0031,-0.0012,-1,0,2.0992,-0.6784,106.6761,1]},
{"frame":64,"values":[0.9999,0.0104,-0.0028,0,-0.0104,0.9999,-0.001,0,-0.0028,-0.001,-1,0,2.0656,-0.7234,106.667,1]},
{"frame":65,"values":[0.9999,0.0103,-0.0025,0,-0.0103,0.9999,-0.0009,0,-0.0025,-0.0009,-1,0,2.0197,-0.7579,106.6583,1]},
{"frame":66,"values":[0.9999,0.0102,-0.0025,0,-0.0102,0.9999,-0.0008,0,-0.0025,-0.0009,-1,0,1.965,-0.7822,106.656,1]},
{"frame":67,"values":[0.9999,0.0101,-0.0024,0,-0.0101,0.9999,-0.0008,0,-0.0024,-0.0008,-1,0,1.9053,-0.801,106.6601,1]},
{"frame":68,"values":[0.9999,0.0101,-0.0023,0,-0.0101,0.9999,-0.0008,0,-0.0023,-0.0008,-1,0,1.8415,-0.8211,106.6664,1]},
{"frame":69,"values":[0.9999,0.0102,-0.0023,0,-0.0102,0.9999,-0.0008,0,-0.0023,-0.0008,-1,0,1.7703,-0.8486,106.6706,1]},
{"frame":70,"values":[0.9999,0.0103,-0.0024,0,-0.0103,0.9999,-0.0008,0,-0.0024,-0.0008,-1,0,1.688,-0.8876,106.6718,1]},
{"frame":71,"values":[0.9999,0.0103,-0.0025,0,-0.0103,0.9999,-0.0008,0,-0.0025,-0.0009,-1,0,1.5928,-0.9397,106.6734,1]},
{"frame":72,"values":[0.9999,0.0103,-0.0028,0,-0.0103,0.9999,-0.001,0,-0.0028,-0.001,-1,0,1.4835,-1.0082,106.6806,1]},
{"frame":73,"values":[0.9999,0.0102,-0.003,0,-0.0102,0.9999,-0.0011,0,-0.003,-0.0012,-1,0,1.3591,-1.0949,106.696,1]},
{"frame":74,"values":[0.9999,0.0102,-0.0033,0,-0.0102,0.9999,-0.0013,0,-0.0033,-0.0013,-1,0,1.2179,-1.2,106.7177,1]},
{"frame":75,"values":[0.9999,0.0102,-0.0035,0,-0.0102,0.9999,-0.0014,0,-0.0035,-0.0014,-1,0,1.0616,-1.3153,106.7413,1]},
{"frame":76,"values":[0.9999,0.0102,-0.0035,0,-0.0102,0.9999,-0.0014,0,-0.0035,-0.0014,-1,0,0.8989,-1.4277,106.7644,1]},
{"frame":77,"values":[0.9999,0.0101,-0.0034,0,-0.0102,0.9999,-0.0014,0,-0.0034,-0.0014,-1,0,0.7428,-1.5233,106.7891,1]},
{"frame":78,"values":[0.9999,0.0101,-0.0033,0,-0.0101,0.9999,-0.0013,0,-0.0033,-0.0013,-1,0,0.6005,-1.5969,106.8135,1]},
{"frame":79,"values":[0.9999,0.0102,-0.0033,0,-0.0102,0.9999,-0.0013,0,-0.0033,-0.0013,-1,0,0.47,-1.6547,106.837,1]},
{"frame":80,"values":[0.9999,0.0102,-0.0034,0,-0.0102,0.9999,-0.0014,0,-0.0034,-0.0014,-1,0,0.3445,-1.7065,106.8591,1]},
{"frame":91,"values":[0.9953,-0.0259,-0.0928,0,0.0924,-0.0183,0.9956,0,0.0275,0.9995,0.0158,0,0.2167,0.2768,109.6185,1]},
{"frame":92,"values":[0.9953,-0.026,-0.0929,0,0.0925,-0.0182,0.9955,0,0.0276,0.9995,0.0157,0,0.2296,0.3078,109.6212,1]},
{"frame":93,"values":[0.9953,-0.0262,-0.093,0,0.0926,-0.0181,0.9955,0,0.0278,0.9995,0.0156,0,0.2422,0.3391,109.6253,1]},
{"frame":94,"values":[0.9953,-0.0264,-0.0932,0,0.0927,-0.018,0.9955,0,0.028,0.9995,0.0155,0,0.2547,0.3703,109.6296,1]},
{"frame":95,"values":[0.9953,-0.0267,-0.0933,0,0.0928,-0.018,0.9955,0,0.0282,0.9995,0.0154,0,0.2677,0.4006,109.6329,1]},
{"frame":96,"values":[0.9953,-0.0268,-0.0934,0,0.093,-0.0179,0.9955,0,0.0284,0.9995,0.0153,0,0.2812,0.4291,109.6345,1]},
{"frame":97,"values":[0.9952,-0.0269,-0.0936,0,0.0931,-0.0178,0.9955,0,0.0284,0.9995,0.0153,0,0.2953,0.4558,109.6353,1]},
{"frame":98,"values":[0.9952,-0.0268,-0.0938,0,0.0933,-0.0178,0.9955,0,0.0284,0.9995,0.0152,0,0.3099,0.481,109.6363,1]},
{"frame":99,"values":[0.9952,-0.0268,-0.094,0,0.0935,-0.0178,0.9955,0,0.0283,0.9995,0.0152,0,0.3251,0.505,109.6373,1]},
{"frame":100,"values":[0.9952,-0.0268,-0.0942,0,0.0938,-0.0177,0.9954,0,0.0283,0.9995,0.0151,0,0.3408,0.5277,109.6372,1]},
{"frame":101,"values":[0.9952,-0.0269,-0.0945,0,0.0941,-0.0177,0.9954,0,0.0284,0.9995,0.015,0,0.3572,0.5486,109.6352,1]},
{"frame":102,"values":[0.9951,-0.027,-0.0948,0,0.0944,-0.0175,0.9954,0,0.0285,0.9995,0.0149,0,0.374,0.5672,109.6324,1]},
{"frame":103,"values":[0.9951,-0.027,-0.0951,0,0.0947,-0.0173,0.9954,0,0.0285,0.9995,0.0147,0,0.3908,0.5835,109.6304,1]},
{"frame":104,"values":[0.9951,-0.027,-0.0954,0,0.095,-0.017,0.9953,0,0.0285,0.9995,0.0144,0,0.4064,0.5975,109.6308,1]},
{"frame":105,"values":[0.9951,-0.0268,-0.0956,0,0.0952,-0.0166,0.9953,0,0.0283,0.9995,0.0139,0,0.4203,0.6096,109.6339,1]},
{"frame":106,"values":[0.9951,-0.0266,-0.0957,0,0.0953,-0.0161,0.9953,0,0.0281,0.9995,0.0135,0,0.4331,0.6201,109.6397,1]},
{"frame":107,"values":[0.9951,-0.0266,-0.0957,0,0.0953,-0.0156,0.9953,0,0.028,0.9995,0.013,0,0.4464,0.6296,109.6477,1]},
{"frame":108,"values":[0.9951,-0.0268,-0.0956,0,0.0953,-0.0151,0.9953,0,0.0281,0.9995,0.0125,0,0.4615,0.639,109.6567,1]},
{"frame":109,"values":[0.9951,-0.0271,-0.0955,0,0.0952,-0.0147,0.9954,0,0.0283,0.9995,0.012,0,0.4782,0.6491,109.6645,1]},
{"frame":110,"values":[0.9951,-0.0273,-0.0955,0,0.0951,-0.0143,0.9954,0,0.0286,0.9995,0.0116,0,0.4954,0.6602,109.669,1]},
{"frame":111,"values":[0.9951,-0.0275,-0.0955,0,0.0951,-0.014,0.9954,0,0.0287,0.9995,0.0113,0,0.512,0.6717,109.6699,1]},
{"frame":112,"values":[0.995,-0.0276,-0.0955,0,0.0952,-0.0137,0.9954,0,0.0288,0.9995,0.011,0,0.5274,0.6828,109.6694,1]},
{"frame":113,"values":[0.995,-0.0277,-0.0956,0,0.0953,-0.0135,0.9954,0,0.0289,0.9995,0.0108,0,0.542,0.693,109.6707,1]},
{"frame":114,"values":[0.995,-0.0277,-0.0957,0,0.0953,-0.0133,0.9954,0,0.0288,0.9995,0.0106,0,0.5559,0.7016,109.6751,1]},
{"frame":115,"values":[0.995,-0.0275,-0.0957,0,0.0954,-0.0132,0.9954,0,0.0286,0.9995,0.0105,0,0.5694,0.7074,109.6818,1]},
{"frame":116,"values":[0.995,-0.0271,-0.0957,0,0.0954,-0.013,0.9954,0,0.0282,0.9995,0.0104,0,0.5831,0.7092,109.6882,1]},
{"frame":117,"values":[0.995,-0.0266,-0.0958,0,0.0955,-0.0128,0.9953,0,0.0277,0.9996,0.0102,0,0.5973,0.7062,109.6917,1]},
{"frame":118,"values":[0.9951,-0.0261,-0.0959,0,0.0956,-0.0126,0.9953,0,0.0272,0.9996,0.01,0,0.612,0.6987,109.6913,1]},
{"frame":119,"values":[0.995,-0.0256,-0.0961,0,0.0958,-0.0124,0.9953,0,0.0266,0.9996,0.0098,0,0.6275,0.6876,109.6878,1]},
{"frame":120,"values":[0.995,-0.0251,-0.0963,0,0.096,-0.0122,0.9953,0,0.0261,0.9996,0.0097,0,0.6438,0.6746,109.6835,1]},
{"frame":121,"values":[0.995,-0.0246,-0.0966,0,0.0963,-0.0122,0.9953,0,0.0257,0.9996,0.0098,0,0.661,0.6613,109.6801,1]},
{"frame":122,"values":[0.995,-0.0241,-0.0968,0,0.0965,-0.0123,0.9953,0,0.0252,0.9996,0.0099,0,0.6794,0.649,109.6783,1]},
{"frame":123,"values":[0.995,-0.0236,-0.097,0,0.0967,-0.0124,0.9952,0,0.0247,0.9996,0.01,0,0.6991,0.6385,109.6777,1]},
{"frame":124,"values":[0.995,-0.0232,-0.0972,0,0.0969,-0.0125,0.9952,0,0.0243,0.9997,0.0102,0,0.7197,0.6293,109.6772,1]},
{"frame":125,"values":[0.995,-0.023,-0.0974,0,0.0971,-0.0126,0.9952,0,0.0242,0.9997,0.0103,0,0.7408,0.6206,109.6759,1]},
{"frame":126,"values":[0.995,-0.0231,-0.0976,0,0.0973,-0.0127,0.9952,0,0.0242,0.9997,0.0104,0,0.7625,0.6119,109.6737,1]},
{"frame":127,"values":[0.9949,-0.0233,-0.0978,0,0.0975,-0.0129,0.9952,0,0.0245,0.9996,0.0105,0,0.7849,0.6039,109.6717,1]},
{"frame":128,"values":[0.9949,-0.0236,-0.098,0,0.0977,-0.013,0.9951,0,0.0248,0.9996,0.0107,0,0.8075,0.5979,109.6712,1]},
{"frame":129,"values":[0.9949,-0.0239,-0.0981,0,0.0979,-0.0133,0.9951,0,0.0251,0.9996,0.0109,0,0.8302,0.595,109.6723,1]},
{"frame":130,"values":[0.9949,-0.0241,-0.0983,0,0.098,-0.0136,0.9951,0,0.0253,0.9996,0.0112,0,0.853,0.5946,109.6736,1]},
{"frame":131,"values":[0.9948,-0.0241,-0.0985,0,0.0981,-0.014,0.9951,0,0.0254,0.9996,0.0115,0,0.8757,0.5955,109.6737,1]},
{"frame":132,"values":[0.9948,-0.0241,-0.0986,0,0.0983,-0.0142,0.9951,0,0.0254,0.9996,0.0118,0,0.8969,0.5961,109.6726,1]},
{"frame":133,"values":[0.9948,-0.024,-0.0988,0,0.0984,-0.0144,0.995,0,0.0253,0.9996,0.012,0,0.9149,0.5966,109.6718,1]},
{"frame":134,"values":[0.9948,-0.0241,-0.0989,0,0.0986,-0.0147,0.995,0,0.0254,0.9996,0.0122,0,0.9281,0.5982,109.6727,1]},
{"frame":135,"values":[0.9948,-0.0243,-0.0991,0,0.0987,-0.015,0.995,0,0.0256,0.9996,0.0125,0,0.9365,0.6022,109.6754,1]},
{"frame":136,"values":[0.9948,-0.0245,-0.0992,0,0.0988,-0.0154,0.995,0,0.0259,0.9996,0.0129,0,0.9411,0.6091,109.6786,1]},
{"frame":137,"values":[0.9947,-0.0248,-0.0993,0,0.0989,-0.0158,0.995,0,0.0263,0.9996,0.0132,0,0.9433,0.6183,109.681,1]},
{"frame":138,"values":[0.9947,-0.0251,-0.0994,0,0.099,-0.0161,0.995,0,0.0266,0.9996,0.0135,0,0.9439,0.6296,109.6813,1]},
{"frame":139,"values":[0.9947,-0.0253,-0.0995,0,0.0991,-0.0164,0.9949,0,0.0268,0.9995,0.0138,0,0.9426,0.6433,109.6796,1]},
{"frame":140,"values":[0.9947,-0.0255,-0.0997,0,0.0992,-0.0168,0.9949,0,0.0271,0.9995,0.0142,0,0.9396,0.6594,109.6767,1]},
{"frame":141,"values":[0.9947,-0.0257,-0.0998,0,0.0993,-0.0171,0.9949,0,0.0273,0.9995,0.0145,0,0.9359,0.6774,109.6747,1]},
{"frame":142,"values":[0.9947,-0.0259,-0.0998,0,0.0993,-0.0174,0.9949,0,0.0275,0.9995,0.0148,0,0.9328,0.6958,109.6753,1]},
{"frame":143,"values":[0.9947,-0.026,-0.0997,0,0.0992,-0.0177,0.9949,0,0.0276,0.9995,0.015,0,0.9313,0.7133,109.6784,1]},
{"frame":144,"values":[0.9947,-0.026,-0.0995,0,0.0991,-0.0179,0.9949,0,0.0276,0.9995,0.0152,0,0.9308,0.7293,109.682,1]},
{"frame":145,"values":[0.9947,-0.0259,-0.0994,0,0.0989,-0.018,0.9949,0,0.0275,0.9995,0.0154,0,0.93,0.7436,109.6834,1]},
{"frame":146,"values":[0.9947,-0.0257,-0.0994,0,0.0989,-0.0182,0.9949,0,0.0274,0.9995,0.0155,0,0.9279,0.7558,109.6813,1]},
{"frame":147,"values":[0.9947,-0.0256,-0.0994,0,0.099,-0.0183,0.9949,0,0.0273,0.9995,0.0157,0,0.9248,0.7661,109.6773,1]},
{"frame":148,"values":[0.9947,-0.0255,-0.0995,0,0.099,-0.0185,0.9949,0,0.0272,0.9995,0.0158,0,0.922,0.7754,109.6747,1]},
{"frame":149,"values":[0.9947,-0.0254,-0.0994,0,0.099,-0.0186,0.9949,0,0.0271,0.9995,0.0159,0,0.9204,0.7844,109.6761,1]},
{"frame":150,"values":[0.9947,-0.0252,-0.0992,0,0.0987,-0.0186,0.9949,0,0.0269,0.9995,0.016,0,0.9202,0.7934,109.6812,1]},
{"frame":151,"values":[0.9948,-0.0249,-0.0989,0,0.0984,-0.0185,0.995,0,0.0266,0.9995,0.0159,0,0.9204,0.8021,109.6872,1]},
{"frame":152,"values":[0.9948,-0.0247,-0.0986,0,0.0982,-0.0184,0.995,0,0.0263,0.9995,0.0158,0,0.9198,0.8105,109.6917,1]},
{"frame":153,"values":[0.9948,-0.0245,-0.0984,0,0.098,-0.0182,0.995,0,0.0262,0.9995,0.0157,0,0.9179,0.8191,109.6944,1]},
{"frame":154,"values":[0.9949,-0.0245,-0.0983,0,0.0979,-0.018,0.995,0,0.0262,0.9995,0.0156,0,0.9144,0.8283,109.6964,1]},
{"frame":155,"values":[0.9949,-0.0247,-0.0982,0,0.0978,-0.0179,0.9951,0,0.0263,0.9995,0.0154,0,0.9095,0.839,109.6995,1]},
{"frame":156,"values":[0.9949,-0.0249,-0.098,0,0.0976,-0.0177,0.9951,0,0.0265,0.9995,0.0152,0,0.9031,0.8511,109.7038,1]},
{"frame":157,"values":[0.9949,-0.0251,-0.0978,0,0.0974,-0.0176,0.9951,0,0.0267,0.9995,0.0151,0,0.8958,0.8644,109.7086,1]},
{"frame":158,"values":[0.9949,-0.0253,-0.0976,0,0.0972,-0.0175,0.9951,0,0.0269,0.9995,0.015,0,0.8883,0.8783,109.7135,1]},
{"frame":159,"values":[0.9949,-0.0254,-0.0974,0,0.097,-0.0174,0.9951,0,0.027,0.9995,0.0148,0,0.8815,0.8922,109.7179,1]},
{"frame":160,"values":[0.9949,-0.0254,-0.0971,0,0.0967,-0.0173,0.9952,0,0.027,0.9995,0.0147,0,0.8758,0.9051,109.7213,1]},
{"frame":161,"values":[0.995,-0.0254,-0.0969,0,0.0965,-0.0171,0.9952,0,0.0269,0.9995,0.0146,0,0.8705,0.916,109.7236,1]},
{"frame":162,"values":[0.995,-0.0252,-0.0967,0,0.0963,-0.017,0.9952,0,0.0268,0.9995,0.0145,0,0.8642,0.9243,109.7257,1]},
{"frame":163,"values":[0.995,-0.025,-0.0965,0,0.0961,-0.0169,0.9952,0,0.0265,0.9995,0.0144,0,0.8562,0.9297,109.7282,1]},
{"frame":164,"values":[0.995,-0.0247,-0.0963,0,0.0959,-0.0167,0.9953,0,0.0262,0.9996,0.0143,0,0.8468,0.9321,109.7311,1]},
{"frame":165,"values":[0.9951,-0.0244,-0.0961,0,0.0957,-0.0165,0.9953,0,0.0258,0.9996,0.0141,0,0.8368,0.9313,109.7332,1]},
{"frame":166,"values":[0.9951,-0.024,-0.0959,0,0.0955,-0.0163,0.9953,0,0.0254,0.9996,0.014,0,0.8265,0.9269,109.7337,1]},
{"frame":167,"values":[0.9951,-0.0236,-0.0958,0,0.0955,-0.0161,0.9953,0,0.025,0.9996,0.0138,0,0.8161,0.919,109.7328,1]},
{"frame":168,"values":[0.9951,-0.0232,-0.0958,0,0.0954,-0.016,0.9953,0,0.0246,0.9996,0.0137,0,0.8059,0.9085,109.7315,1]},
{"frame":169,"values":[0.9951,-0.0227,-0.0957,0,0.0954,-0.0158,0.9953,0,0.0241,0.9996,0.0135,0,0.797,0.8967,109.7302,1]},
{"frame":170,"values":[0.9952,-0.0222,-0.0956,0,0.0953,-0.0156,0.9953,0,0.0236,0.9996,0.0134,0,0.7898,0.8849,109.7286,1]},
{"frame":171,"values":[0.9952,-0.0218,-0.0955,0,0.0951,-0.0154,0.9953,0,0.0232,0.9996,0.0133,0,0.784,0.8736,109.7265,1]},
{"frame":172,"values":[0.9952,-0.0215,-0.0953,0,0.095,-0.0153,0.9954,0,0.0229,0.9997,0.0132,0,0.7784,0.8635,109.7247,1]},
{"frame":173,"values":[0.9952,-0.0214,-0.0952,0,0.0948,-0.0154,0.9954,0,0.0228,0.9997,0.0133,0,0.7721,0.8548,109.7246,1]},
{"frame":174,"values":[0.9952,-0.0215,-0.095,0,0.0947,-0.0155,0.9954,0,0.0228,0.9996,0.0134,0,0.7644,0.848,109.7265,1]},
{"frame":175,"values":[0.9953,-0.0216,-0.0949,0,0.0945,-0.0157,0.9954,0,0.023,0.9996,0.0136,0,0.756,0.8427,109.7293,1]},
{"frame":176,"values":[0.9953,-0.0219,-0.0947,0,0.0944,-0.0159,0.9954,0,0.0233,0.9996,0.0137,0,0.7476,0.8377,109.7311,1]},
{"frame":177,"values":[0.9953,-0.0221,-0.0946,0,0.0942,-0.016,0.9954,0,0.0235,0.9996,0.0138,0,0.7394,0.8319,109.7303,1]},
{"frame":178,"values":[0.9953,-0.0223,-0.0945,0,0.0941,-0.0161,0.9954,0,0.0237,0.9996,0.0139,0,0.731,0.8248,109.7267,1]},
{"frame":179,"values":[0.9953,-0.0224,-0.0945,0,0.0941,-0.0163,0.9954,0,0.0239,0.9996,0.0141,0,0.7213,0.8162,109.7209,1]},
{"frame":180,"values":[0.9953,-0.0226,-0.0946,0,0.0942,-0.0165,0.9954,0,0.024,0.9996,0.0143,0,0.7094,0.8066,109.7135,1]},
{"frame":181,"values":[0.9952,-0.0226,-0.0947,0,0.0944,-0.0167,0.9954,0,0.0241,0.9996,0.0145,0,0.6948,0.7972,109.7052,1]},
{"frame":182,"values":[0.9952,-0.0227,-0.0949,0,0.0945,-0.017,0.9954,0,0.0242,0.9996,0.0147,0,0.6777,0.7896,109.6964,1]},
{"frame":183,"values":[0.9952,-0.0227,-0.095,0,0.0947,-0.0171,0.9954,0,0.0242,0.9996,0.0149,0,0.6581,0.7852,109.6883,1]},
{"frame":184,"values":[0.9952,-0.0227,-0.0951,0,0.0947,-0.0173,0.9954,0,0.0242,0.9996,0.0151,0,0.6362,0.7844,109.6826,1]},
{"frame":185,"values":[0.9952,-0.0226,-0.0951,0,0.0947,-0.0174,0.9954,0,0.0242,0.9996,0.0152,0,0.6123,0.7859,109.6802,1]},
{"frame":186,"values":[0.9952,-0.0226,-0.095,0,0.0946,-0.0175,0.9954,0,0.0241,0.9996,0.0153,0,0.5873,0.788,109.6807,1]},
{"frame":187,"values":[0.9952,-0.0226,-0.0948,0,0.0944,-0.0175,0.9954,0,0.0242,0.9996,0.0153,0,0.5625,0.7893,109.6823,1]},
{"frame":188,"values":[0.9953,-0.0227,-0.0946,0,0.0943,-0.0175,0.9954,0,0.0242,0.9996,0.0153,0,0.5391,0.7894,109.6834,1]},
{"frame":189,"values":[0.9953,-0.0227,-0.0945,0,0.0941,-0.0174,0.9954,0,0.0242,0.9996,0.0152,0,0.517,0.7888,109.683,1]},
{"frame":190,"values":[0.9953,-0.0226,-0.0943,0,0.094,-0.0173,0.9954,0,0.0241,0.9996,0.015,0,0.496,0.7877,109.6815,1]},
{"frame":191,"values":[0.9953,-0.0226,-0.0942,0,0.0938,-0.0172,0.9954,0,0.0241,0.9996,0.015,0,0.4757,0.7857,109.6793,1]},
{"frame":192,"values":[0.9953,-0.0226,-0.0941,0,0.0938,-0.0171,0.9954,0,0.0242,0.9996,0.0149,0,0.4565,0.7825,109.6763,1]},
{"frame":193,"values":[0.9953,-0.0229,-0.0941,0,0.0937,-0.017,0.9955,0,0.0244,0.9996,0.0148,0,0.4391,0.7781,109.6728,1]},
{"frame":194,"values":[0.9953,-0.0231,-0.094,0,0.0936,-0.017,0.9955,0,0.0246,0.9996,0.0147,0,0.424,0.7731,109.6695,1]},
{"frame":195,"values":[0.9953,-0.0232,-0.0939,0,0.0935,-0.0168,0.9955,0,0.0247,0.9996,0.0146,0,0.411,0.7675,109.6674,1]},
{"frame":196,"values":[0.9953,-0.0232,-0.0938,0,0.0934,-0.0167,0.9955,0,0.0247,0.9996,0.0144,0,0.3998,0.7609,109.6667,1]},
{"frame":197,"values":[0.9953,-0.0231,-0.0936,0,0.0932,-0.0165,0.9955,0,0.0245,0.9996,0.0142,0,0.3904,0.7526,109.667,1]},
{"frame":198,"values":[0.9954,-0.023,-0.0935,0,0.0931,-0.0162,0.9955,0,0.0244,0.9996,0.014,0,0.3828,0.7426,109.6672,1]},
{"frame":199,"values":[0.9954,-0.023,-0.0934,0,0.093,-0.0159,0.9955,0,0.0244,0.9996,0.0137,0,0.3768,0.7316,109.6665,1]},
{"frame":200,"values":[0.9954,-0.023,-0.0934,0,0.093,-0.0157,0.9955,0,0.0244,0.9996,0.0135,0,0.3719,0.7209,109.6647,1]},
{"frame":201,"values":[0.9954,-0.023,-0.0935,0,0.0931,-0.0154,0.9955,0,0.0244,0.9996,0.0132,0,0.3678,0.7108,109.6619,1]},
{"frame":202,"values":[0.9954,-0.0229,-0.0936,0,0.0932,-0.0152,0.9955,0,0.0242,0.9996,0.013,0,0.3651,0.7012,109.659,1]},
{"frame":203,"values":[0.9954,-0.0227,-0.0936,0,0.0933,-0.015,0.9955,0,0.024,0.9996,0.0128,0,0.3647,0.692,109.6573,1]},
{"frame":204,"values":[0.9954,-0.0224,-0.0936,0,0.0933,-0.0147,0.9955,0,0.0237,0.9996,0.0126,0,0.3666,0.6838,109.6579,1]},
{"frame":205,"values":[0.9954,-0.0222,-0.0935,0,0.0932,-0.0145,0.9955,0,0.0235,0.9996,0.0123,0,0.3702,0.6768,109.6601,1]},
{"frame":206,"values":[0.9954,-0.0222,-0.0935,0,0.0932,-0.0143,0.9955,0,0.0234,0.9997,0.0121,0,0.375,0.6711,109.6624,1]},
{"frame":207,"values":[0.9954,-0.0223,-0.0936,0,0.0933,-0.0141,0.9955,0,0.0235,0.9997,0.012,0,0.3811,0.6663,109.6635,1]},
{"frame":208,"values":[0.9953,-0.0225,-0.0937,0,0.0934,-0.014,0.9955,0,0.0237,0.9996,0.0118,0,0.3884,0.6621,109.6634,1]},
{"frame":209,"values":[0.9953,-0.0228,-0.0937,0,0.0934,-0.0138,0.9955,0,0.024,0.9996,0.0116,0,0.397,0.6584,109.6628,1]},
{"frame":210,"values":[0.9953,-0.0231,-0.0936,0,0.0933,-0.0137,0.9955,0,0.0243,0.9996,0.0115,0,0.406,0.6557,109.6624,1]},
{"frame":211,"values":[0.9953,-0.0233,-0.0936,0,0.0933,-0.0137,0.9955,0,0.0244,0.9996,0.0114,0,0.4146,0.6547,109.662,1]},
{"frame":212,"values":[0.9953,-0.0233,-0.0936,0,0.0933,-0.0137,0.9955,0,0.0245,0.9996,0.0114,0,0.4222,0.6554,109.662,1]},
{"frame":213,"values":[0.9953,-0.0233,-0.0936,0,0.0933,-0.0137,0.9955,0,0.0245,0.9996,0.0114,0,0.429,0.6574,109.6626,1]},
{"frame":214,"values":[0.9953,-0.0232,-0.0936,0,0.0933,-0.0137,0.9955,0,0.0244,0.9996,0.0115,0,0.4357,0.6597,109.6643,1]},
{"frame":215,"values":[0.9953,-0.0232,-0.0936,0,0.0933,-0.0137,0.9955,0,0.0244,0.9996,0.0115,0,0.4427,0.6614,109.6667,1]},
{"frame":216,"values":[0.9953,-0.0233,-0.0935,0,0.0932,-0.0137,0.9955,0,0.0244,0.9996,0.0114,0,0.4498,0.6622,109.6689,1]},
{"frame":217,"values":[0.9953,-0.0233,-0.0935,0,0.0932,-0.0136,0.9956,0,0.0245,0.9996,0.0114,0,0.4559,0.6623,109.6702,1]},
{"frame":218,"values":[0.9953,-0.0235,-0.0936,0,0.0933,-0.0136,0.9955,0,0.0246,0.9996,0.0114,0,0.4606,0.6623,109.6707,1]},
{"frame":219,"values":[0.9953,-0.0237,-0.0936,0,0.0933,-0.0136,0.9955,0,0.0248,0.9996,0.0113,0,0.465,0.6625,109.6706,1]},
{"frame":220,"values":[0.9953,-0.0239,-0.0937,0,0.0934,-0.0136,0.9955,0,0.0251,0.9996,0.0113,0,0.4703,0.6626,109.6702,1]},
{"frame":221,"values":[0.9953,-0.0242,-0.0938,0,0.0935,-0.0136,0.9955,0,0.0253,0.9996,0.0113,0,0.4764,0.6626,109.6697,1]},
{"frame":222,"values":[0.9953,-0.0243,-0.0939,0,0.0936,-0.0136,0.9955,0,0.0255,0.9996,0.0113,0,0.4816,0.6624,109.6692,1]},
{"frame":223,"values":[0.9953,-0.0244,-0.094,0,0.0937,-0.0137,0.9955,0,0.0255,0.9996,0.0113,0,0.4853,0.6621,109.6685,1]},
{"frame":224,"values":[0.9953,-0.0243,-0.0941,0,0.0938,-0.0138,0.9955,0,0.0255,0.9996,0.0114,0,0.4883,0.6615,109.6677,1]},
{"frame":225,"values":[0.9953,-0.0243,-0.0943,0,0.0939,-0.0138,0.9955,0,0.0255,0.9996,0.0114,0,0.4924,0.6605,109.6666,1]},
{"frame":226,"values":[0.9952,-0.0244,-0.0944,0,0.0941,-0.0137,0.9955,0,0.0256,0.9996,0.0113,0,0.4981,0.6586,109.6651,1]},
{"frame":227,"values":[0.9952,-0.0245,-0.0945,0,0.0942,-0.0136,0.9955,0,0.0257,0.9996,0.0112,0,0.5051,0.6558,109.6634,1]},
{"frame":228,"values":[0.9952,-0.0246,-0.0947,0,0.0944,-0.0135,0.9954,0,0.0258,0.9996,0.0111,0,0.5133,0.6528,109.6624,1]},
{"frame":229,"values":[0.9952,-0.0246,-0.0949,0,0.0946,-0.0135,0.9954,0,0.0258,0.9996,0.0111,0,0.5229,0.6502,109.6632,1]},
{"frame":230,"values":[0.9952,-0.0245,-0.095,0,0.0947,-0.0135,0.9954,0,0.0257,0.9996,0.0111,0,0.5344,0.6485,109.6663,1]},
{"frame":231,"values":[0.9952,-0.0244,-0.095,0,0.0947,-0.0135,0.9954,0,0.0255,0.9996,0.0112,0,0.5478,0.6472,109.6709,1]},
{"frame":232,"values":[0.9952,-0.0243,-0.0949,0,0.0946,-0.0135,0.9954,0,0.0255,0.9996,0.0112,0,0.5628,0.6453,109.6756,1]},
{"frame":233,"values":[0.9952,-0.0243,-0.0948,0,0.0945,-0.0135,0.9954,0,0.0255,0.9996,0.0112,0,0.5784,0.6422,109.6792,1]},
{"frame":234,"values":[0.9952,-0.0245,-0.0948,0,0.0945,-0.0136,0.9954,0,0.0257,0.9996,0.0112,0,0.5936,0.6377,109.6818,1]},
{"frame":235,"values":[0.9952,-0.0246,-0.0948,0,0.0945,-0.0137,0.9954,0,0.0258,0.9996,0.0113,0,0.6081,0.6321,109.6845,1]},
{"frame":236,"values":[0.9952,-0.0247,-0.0948,0,0.0945,-0.0138,0.9954,0,0.0259,0.9996,0.0114,0,0.622,0.6253,109.6886,1]},
{"frame":237,"values":[0.9952,-0.0247,-0.0947,0,0.0944,-0.0139,0.9954,0,0.0259,0.9996,0.0115,0,0.6353,0.6169,109.6934,1]},
{"frame":238,"values":[0.9952,-0.0247,-0.0947,0,0.0943,-0.014,0.9954,0,0.0259,0.9996,0.0116,0,0.6477,0.6066,109.6972,1]},
{"frame":239,"values":[0.9952,-0.0247,-0.0947,0,0.0944,-0.0141,0.9954,0,0.026,0.9996,0.0117,0,0.6579,0.5943,109.6982,1]},
{"frame":240,"values":[0.9952,-0.0248,-0.0948,0,0.0945,-0.0142,0.9954,0,0.026,0.9996,0.0118,0,0.665,0.5804,109.6965,1]},
{"frame":241,"values":[0.9952,-0.0248,-0.0949,0,0.0946,-0.0144,0.9954,0,0.0261,0.9996,0.0119,0,0.6696,0.566,109.6938,1]},
{"frame":242,"values":[0.9952,-0.0248,-0.0951,0,0.0947,-0.0145,0.9954,0,0.0261,0.9996,0.0121,0,0.6726,0.5521,109.6918,1]},
{"frame":243,"values":[0.9952,-0.0248,-0.0952,0,0.0948,-0.0147,0.9954,0,0.026,0.9996,0.0123,0,0.674,0.5391,109.6908,1]},
{"frame":244,"values":[0.9952,-0.0247,-0.0952,0,0.0949,-0.0149,0.9954,0,0.026,0.9996,0.0125,0,0.6725,0.5263,109.6901,1]},
{"frame":245,"values":[0.9951,-0.0246,-0.0953,0,0.095,-0.015,0.9954,0,0.0259,0.9996,0.0126,0,0.6667,0.5125,109.6889,1]},
{"frame":246,"values":[0.9951,-0.0246,-0.0954,0,0.0951,-0.0152,0.9954,0,0.0259,0.9996,0.0128,0,0.6569,0.4966,109.6866,1]},
{"frame":247,"values":[0.9951,-0.0248,-0.0956,0,0.0952,-0.0153,0.9953,0,0.0261,0.9996,0.0129,0,0.6449,0.4783,109.6837,1]},
{"frame":248,"values":[0.9951,-0.025,-0.0957,0,0.0953,-0.0154,0.9953,0,0.0264,0.9996,0.0129,0,0.6325,0.4588,109.6805,1]},
{"frame":249,"values":[0.9951,-0.0253,-0.0958,0,0.0954,-0.0155,0.9953,0,0.0267,0.9996,0.013,0,0.6202,0.4392,109.6777,1]},
{"frame":250,"values":[0.9951,-0.0255,-0.0958,0,0.0954,-0.0157,0.9953,0,0.0269,0.9996,0.0132,0,0.6077,0.4206,109.6755,1]},
{"frame":251,"values":[0.9951,-0.0255,-0.0957,0,0.0953,-0.0159,0.9953,0,0.0269,0.9995,0.0134,0,0.5944,0.4029,109.6734,1]},
{"frame":252,"values":[0.9951,-0.0256,-0.0956,0,0.0952,-0.0161,0.9953,0,0.027,0.9995,0.0136,0,0.5801,0.3862,109.6709,1]},
{"frame":253,"values":[0.9951,-0.0257,-0.0954,0,0.095,-0.0163,0.9953,0,0.0271,0.9995,0.0138,0,0.5644,0.3709,109.6676,1]},
{"frame":254,"values":[0.9951,-0.0259,-0.0953,0,0.0949,-0.0165,0.9954,0,0.0274,0.9995,0.014,0,0.5465,0.3579,109.6635,1]},
{"frame":255,"values":[0.9951,-0.0262,-0.0951,0,0.0947,-0.0168,0.9954,0,0.0277,0.9995,0.0142,0,0.5254,0.3485,109.6594,1]},
{"frame":256,"values":[0.9951,-0.0265,-0.095,0,0.0946,-0.017,0.9954,0,0.028,0.9995,0.0144,0,0.501,0.3439,109.6562,1]},
{"frame":257,"values":[0.9951,-0.0266,-0.0949,0,0.0945,-0.0173,0.9954,0,0.0282,0.9995,0.0147,0,0.4742,0.3441,109.6548,1]},
{"frame":258,"values":[0.9951,-0.0267,-0.0948,0,0.0943,-0.0177,0.9954,0,0.0283,0.9995,0.0151,0,0.4463,0.3482,109.6551,1]},
{"frame":259,"values":[0.9952,-0.0267,-0.0947,0,0.0942,-0.018,0.9954,0,0.0283,0.9995,0.0154,0,0.4186,0.354,109.6556,1]},
{"frame":260,"values":[0.9952,-0.0267,-0.0945,0,0.0941,-0.0183,0.9954,0,0.0283,0.9995,0.0157,0,0.392,0.359,109.6548,1]},
{"frame":261,"values":[0.9952,-0.0265,-0.0944,0,0.0939,-0.0185,0.9954,0,0.0281,0.9995,0.0159,0,0.3675,0.3615,109.6525,1]},
{"frame":262,"values":[0.9952,-0.0263,-0.0942,0,0.0938,-0.0186,0.9954,0,0.0279,0.9995,0.016,0,0.3454,0.3614,109.6503,1]},
{"frame":263,"values":[0.9952,-0.026,-0.094,0,0.0936,-0.0185,0.9954,0,0.0276,0.9995,0.016,0,0.3252,0.3593,109.6494,1]},
{"frame":264,"values":[0.9953,-0.0257,-0.0938,0,0.0934,-0.0185,0.9955,0,0.0273,0.9995,0.016,0,0.3063,0.3561,109.6498,1]},
{"frame":265,"values":[0.9953,-0.0253,-0.0936,0,0.0931,-0.0185,0.9955,0,0.027,0.9995,0.016,0,0.2883,0.3515,109.6494,1]},
{"frame":266,"values":[0.9953,-0.0251,-0.0934,0,0.093,-0.0184,0.9955,0,0.0267,0.9995,0.016,0,0.2713,0.3454,109.647,1]},
{"frame":267,"values":[0.9953,-0.0249,-0.0933,0,0.0928,-0.0183,0.9955,0,0.0264,0.9995,0.0159,0,0.2555,0.3381,109.6433,1]},
{"frame":268,"values":[0.9954,-0.0247,-0.0931,0,0.0927,-0.018,0.9955,0,0.0263,0.9995,0.0157,0,0.2405,0.331,109.6409,1]},
{"frame":269,"values":[0.9954,-0.0246,-0.0929,0,0.0924,-0.0178,0.9956,0,0.0262,0.9995,0.0155,0,0.2261,0.3258,109.6417,1]},
{"frame":270,"values":[0.9954,-0.0246,-0.0925,0,0.0921,-0.0176,0.9956,0,0.0261,0.9995,0.0152,0,0.2116,0.324,109.6452,1]},
{"frame":271,"values":[0.9954,-0.0246,-0.0921,0,0.0917,-0.0173,0.9956,0,0.0261,0.9995,0.015,0,0.1967,0.3261,109.6496,1]},
{"frame":272,"values":[0.9955,-0.0248,-0.0917,0,0.0913,-0.0172,0.9957,0,0.0263,0.9995,0.0148,0,0.1806,0.3321,109.6533,1]},
{"frame":273,"values":[0.9955,-0.0252,-0.0914,0,0.091,-0.0171,0.9957,0,0.0266,0.9995,0.0147,0,0.1628,0.3414,109.6555,1]},
{"frame":274,"values":[0.9955,-0.0256,-0.0912,0,0.0908,-0.0171,0.9957,0,0.0271,0.9995,0.0147,0,0.1429,0.3532,109.6563,1]},
{"frame":275,"values":[0.9955,-0.0261,-0.0911,0,0.0906,-0.0173,0.9957,0,0.0275,0.9995,0.0148,0,0.1209,0.3661,109.6561,1]},
{"frame":276,"values":[0.9955,-0.0264,-0.091,0,0.0905,-0.0174,0.9957,0,0.0278,0.9995,0.0149,0,0.0977,0.3789,109.6551,1]},
{"frame":277,"values":[0.9955,-0.0264,-0.0909,0,0.0905,-0.0175,0.9957,0,0.0279,0.9995,0.015,0,0.0749,0.3905,109.6533,1]},
{"frame":278,"values":[0.9955,-0.0263,-0.0908,0,0.0904,-0.0176,0.9958,0,0.0278,0.9995,0.0151,0,0.0536,0.4005,109.6511,1]},
{"frame":279,"values":[0.9955,-0.026,-0.0908,0,0.0903,-0.0177,0.9958,0,0.0275,0.9995,0.0152,0,0.0338,0.4091,109.6492,1]},
{"frame":280,"values":[0.9955,-0.0257,-0.0907,0,0.0903,-0.0178,0.9958,0,0.0272,0.9995,0.0154,0,0.0148,0.4162,109.6486,1]},
{"frame":281,"values":[0.9956,-0.0254,-0.0906,0,0.0902,-0.018,0.9958,0,0.0269,0.9995,0.0157,0,-0.0027,0.4216,109.6495,1]},
{"frame":282,"values":[0.9956,-0.0252,-0.0905,0,0.09,-0.0182,0.9958,0,0.0267,0.9995,0.0158,0,-0.0176,0.4248,109.6513,1]},
{"frame":283,"values":[0.9956,-0.0251,-0.0903,0,0.0899,-0.0182,0.9958,0,0.0266,0.9995,0.0159,0,-0.0293,0.4258,109.6522,1]},
{"frame":284,"values":[0.9956,-0.025,-0.0902,0,0.0898,-0.0182,0.9958,0,0.0266,0.9995,0.0159,0,-0.0388,0.4248,109.6507,1]},
{"frame":285,"values":[0.9956,-0.025,-0.0902,0,0.0897,-0.0182,0.9958,0,0.0265,0.9995,0.0158,0,-0.0477,0.4219,109.6471,1]},
{"frame":286,"values":[0.9956,-0.0251,-0.0902,0,0.0898,-0.0182,0.9958,0,0.0266,0.9995,0.0158,0,-0.0562,0.4175,109.6431,1]},
{"frame":287,"values":[0.9956,-0.0253,-0.0903,0,0.0898,-0.0182,0.9958,0,0.0268,0.9995,0.0159,0,-0.0636,0.4116,109.6399,1]},
{"frame":288,"values":[0.9956,-0.0255,-0.0904,0,0.0899,-0.0182,0.9958,0,0.0271,0.9995,0.0158,0,-0.0686,0.4046,109.6374,1]},
{"frame":289,"values":[0.9956,-0.0257,-0.0905,0,0.09,-0.0182,0.9958,0,0.0273,0.9995,0.0158,0,-0.0716,0.3965,109.6343,1]},
{"frame":290,"values":[0.9956,-0.0258,-0.0906,0,0.0901,-0.0182,0.9958,0,0.0274,0.9995,0.0157,0,-0.0732,0.3866,109.6305,1]},
{"frame":291,"values":[0.9956,-0.0258,-0.0906,0,0.0902,-0.0181,0.9958,0,0.0273,0.9995,0.0157,0,-0.0738,0.3739,109.6277,1]},
{"frame":292,"values":[0.9956,-0.0257,-0.0906,0,0.0901,-0.018,0.9958,0,0.0273,0.9995,0.0156,0,-0.0732,0.3579,109.6278,1]},
{"frame":293,"values":[0.9956,-0.0257,-0.0905,0,0.0901,-0.0179,0.9958,0,0.0272,0.9995,0.0155,0,-0.0716,0.3398,109.6306,1]},
{"frame":294,"values":[0.9956,-0.0256,-0.0905,0,0.09,-0.0178,0.9958,0,0.0271,0.9995,0.0154,0,-0.0698,0.3216,109.6336,1]},
{"frame":295,"values":[0.9956,-0.0255,-0.0905,0,0.09,-0.0177,0.9958,0,0.027,0.9995,0.0153,0,-0.068,0.3047,109.6342,1]},
{"frame":296,"values":[0.9956,-0.0254,-0.0905,0,0.0901,-0.0177,0.9958,0,0.0269,0.9995,0.0153,0,-0.0663,0.2898,109.6318,1]},
{"frame":297,"values":[0.9956,-0.0254,-0.0906,0,0.0902,-0.0177,0.9958,0,0.0269,0.9995,0.0153,0,-0.0644,0.2773,109.6274,1]},
{"frame":298,"values":[0.9956,-0.0254,-0.0907,0,0.0903,-0.0177,0.9958,0,0.0269,0.9995,0.0153,0,-0.0623,0.2679,109.6222,1]},
{"frame":299,"values":[0.9955,-0.0255,-0.0908,0,0.0904,-0.0179,0.9957,0,0.027,0.9995,0.0155,0,-0.0599,0.2627,109.617,1]},
{"frame":300,"values":[0.9955,-0.0255,-0.091,0,0.0905,-0.0181,0.9957,0,0.0271,0.9995,0.0157,0,-0.0573,0.262,109.6126,1]},
{"frame":301,"values":[0.9955,-0.0255,-0.0912,0,0.0907,-0.0185,0.9957,0,0.0271,0.9995,0.0161,0,-0.0544,0.2651,109.6105,1]},
{"frame":302,"values":[0.9955,-0.0255,-0.0913,0,0.0908,-0.0188,0.9957,0,0.0271,0.9995,0.0164,0,-0.0503,0.2703,109.6117,1]},
{"frame":303,"values":[0.9955,-0.0254,-0.0912,0,0.0908,-0.0191,0.9957,0,0.027,0.9995,0.0167,0,-0.0446,0.2757,109.6154,1]},
{"frame":304,"values":[0.9955,-0.0254,-0.0911,0,0.0907,-0.0192,0.9957,0,0.027,0.9995,0.0168,0,-0.0374,0.2799,109.619,1]},
{"frame":305,"values":[0.9955,-0.0255,-0.0911,0,0.0906,-0.0192,0.9957,0,0.0271,0.9995,0.0168,0,-0.029,0.2819,109.6202,1]},
{"frame":306,"values":[0.9955,-0.0256,-0.0911,0,0.0906,-0.0193,0.9957,0,0.0272,0.9995,0.0169,0,-0.0193,0.2809,109.619,1]},
{"frame":307,"values":[0.9955,-0.0258,-0.0912,0,0.0907,-0.0193,0.9957,0,0.0274,0.9995,0.0169,0,-0.0083,0.2776,109.6174,1]},
{"frame":308,"values":[0.9955,-0.0259,-0.0912,0,0.0907,-0.0193,0.9957,0,0.0275,0.9995,0.0169,0,0.004,0.2728,109.6171,1]},
{"frame":309,"values":[0.9955,-0.0259,-0.0912,0,0.0908,-0.0193,0.9957,0,0.0276,0.9995,0.0169,0,0.017,0.2678,109.6182,1]},
{"frame":310,"values":[0.9955,-0.0259,-0.0912,0,0.0908,-0.0194,0.9957,0,0.0275,0.9995,0.0169,0,0.03,0.2631,109.6194,1]},
{"frame":311,"values":[0.9955,-0.0258,-0.0913,0,0.0908,-0.0194,0.9957,0,0.0275,0.9995,0.017,0,0.0427,0.2583,109.6198,1]},
{"frame":312,"values":[0.9955,-0.0259,-0.0913,0,0.0908,-0.0195,0.9957,0,0.0275,0.9995,0.0171,0,0.0553,0.2532,109.6193,1]},
{"frame":313,"values":[0.9955,-0.026,-0.0914,0,0.0909,-0.0196,0.9957,0,0.0277,0.9995,0.0171,0,0.0674,0.2476,109.6185,1]},
{"frame":314,"values":[0.9955,-0.0262,-0.0915,0,0.091,-0.0197,0.9957,0,0.0279,0.9995,0.0172,0,0.0786,0.2418,109.6177,1]},
{"frame":315,"values":[0.9955,-0.0263,-0.0916,0,0.0911,-0.0197,0.9956,0,0.028,0.9995,0.0172,0,0.0885,0.2363,109.6171,1]},
{"frame":316,"values":[0.9954,-0.0264,-0.0917,0,0.0912,-0.0197,0.9956,0,0.0281,0.9995,0.0173,0,0.0972,0.2316,109.6175,1]},
{"frame":317,"values":[0.9954,-0.0264,-0.0918,0,0.0913,-0.0198,0.9956,0,0.0281,0.9995,0.0173,0,0.1055,0.228,109.6186,1]},
{"frame":318,"values":[0.9954,-0.0265,-0.0919,0,0.0914,-0.0198,0.9956,0,0.0282,0.9995,0.0173,0,0.1138,0.2258,109.6198,1]},
{"frame":319,"values":[0.9954,-0.0266,-0.092,0,0.0915,-0.0198,0.9956,0,0.0283,0.9995,0.0173,0,0.1218,0.2251,109.62,1]},
{"frame":320,"values":[0.9954,-0.0266,-0.0922,0,0.0917,-0.0199,0.9956,0,0.0283,0.9994,0.0174,0,0.129,0.2258,109.6191,1]},
{"frame":321,"values":[0.9954,-0.0266,-0.0923,0,0.0918,-0.02,0.9956,0,0.0283,0.9994,0.0175,0,0.1348,0.2273,109.6178,1]},
{"frame":322,"values":[0.9954,-0.0265,-0.0924,0,0.0918,-0.0201,0.9956,0,0.0283,0.9994,0.0176,0,0.1394,0.2292,109.6167,1]},
{"frame":323,"values":[0.9954,-0.0264,-0.0924,0,0.0919,-0.0202,0.9956,0,0.0282,0.9994,0.0176,0,0.143,0.231,109.6153,1]},
{"frame":324,"values":[0.9954,-0.0264,-0.0926,0,0.0921,-0.0202,0.9955,0,0.0281,0.9994,0.0177,0,0.146,0.2329,109.613,1]},
{"frame":325,"values":[0.9953,-0.0263,-0.0928,0,0.0923,-0.0202,0.9955,0,0.0281,0.9994,0.0177,0,0.1488,0.2346,109.6104,1]},
{"frame":326,"values":[0.9953,-0.0263,-0.093,0,0.0924,-0.0202,0.9955,0,0.0281,0.9994,0.0177,0,0.1518,0.2358,109.6085,1]},
{"frame":327,"values":[0.9953,-0.0263,-0.0931,0,0.0926,-0.0202,0.9955,0,0.028,0.9995,0.0177,0,0.1559,0.236,109.6084,1]},
{"frame":328,"values":[0.9953,-0.0261,-0.0931,0,0.0926,-0.02,0.9955,0,0.0279,0.9995,0.0175,0,0.1617,0.2352,109.6095,1]},
{"frame":329,"values":[0.9953,-0.0259,-0.093,0,0.0925,-0.0198,0.9955,0,0.0277,0.9995,0.0173,0,0.1692,0.2341,109.6107,1]},
{"frame":330,"values":[0.9953,-0.0258,-0.0929,0,0.0924,-0.0196,0.9955,0,0.0275,0.9995,0.0171,0,0.177,0.2331,109.6115,1]},
