{"producer":{"name":"Blender","version":"3.4.1","exporter_version":"3.3.0","file":"erika.babylon"},
"autoClear":true,"clearColor":[0.0509,0.0509,0.0509],"gravity":[0,-9.81,0],
"materials":[{"name":"Material","id":"Material","customType":"BABYLON.PBRMaterial","albedo":[0.8,0.8,0.8],"emissive":[0,0,0],"reflectivity":[0.5,0.5,0.5],"roughness":0.5,"metallic":0}],
"skeletons":[{"name":"Character","id":0,"dimensionsAtRest":[186.3274,35.8677,191.5466],"bones":[
{"name":"mixamorig:Hips","index":0,"matrix":[0.0001,0,1,0,1,0,-0.0001,0,0,-1,0,0,-0.0022,1.5542,104.2536,1],"rest":[0,0,1,0,1,0,0,0,0,-1,0,0,0,1.5542,104.2259,1],"parentBoneIndex":-1,"length":33.9786
,"animation":
{"name":"anim","property":"_matrix","dataType":3,"framePerSecond":30,"loopBehavior":1,"keys":[
{"frame":1,"values":[-0.0113,0.9999,-0.0013,0,0.9999,0.0113,-0.0038,0,0.0038,0.0013,1,0,0.2013,0.8392,97.0901,1]},
{"frame":2,"values":[-0.0114,0.9999,-0.0015,0,0.9999,0.0114,-0.0042,0,0.0041,0.0015,1,0,0.086,0.795,97.1116,1]},
{"frame":3,"values":[-0.0115,0.9999,-0.0019,0,0.9999,0.0115,-0.005,0,0.005,0.002,1,0,-0.0272,0.7467,97.1393,1]},
{"frame":4,"values":[-0.0116,0.9999,-0.0026,0,0.9999,0.0116,-0.0063,0,0.0063,0.0027,1,0,-0.1309,0.6865,97.1829,1]},
{"frame":5,"values":[-0.0116,0.9999,-0.0037,0,0.9999,0.0116,-0.0082,0,0.0082,0.0038,1,0,-0.2192,0.6098,97.2467,1]},
{"frame":6,"values":[-0.0116,0.9999,-0.0049,0,0.9999,0.0115,-0.0105,0,0.0104,0.0051,0.9999,0,-0.2957,0.5243,97.3214,1]},
{"frame":7,"values":[-0.0115,0.9999,-0.0063,0,0.9999,0.0114,-0.013,0,0.0129,0.0065,0.9999,0,-0.3744,0.4501,97.39,1]},
{"frame":8,"values":[-0.0116,0.9999,-0.0078,0,0.9998,0.0115,-0.0156,0,0.0156,0.0079,0.9998,0,-0.469,0.4068,97.4399,1]},
{"frame":9,"values":[-0.0119,0.9999,-0.0092,0,0.9998,0.0117,-0.0182,0,0.0181,0.0094,0.9998,0,-0.5767,0.3945,97.4744,1]},
{"frame":10,"values":[-0.0121,0.9999,-0.0105,0,0.9997,0.0119,-0.0206,0,0.0205,0.0107,0.9997,0,-0.6857,0.4037,97.5052,1]},
{"frame":11,"values":[-0.0123,0.9999,-0.0116,0,0.9997,0.012,-0.0228,0,0.0227,0.0119,0.9997,0,-0.7874,0.4271,97.5404,1]},
{"frame":12,"values":[-0.0124,0.9998,-0.0127,0,0.9996,0.0121,-0.0249,0,0.0247,0.013,0.9996,0,-0.8815,0.4632,97.5809,1]},
{"frame":13,"values":[-0.0125,0.9998,-0.0138,0,0.9996,0.0121,-0.0268,0,0.0266,0.0141,0.9995,0,-0.9725,0.511,97.623,1]},
{"frame":14,"values":[-0.0126,0.9998,-0.0148,0,0.9995,0.0122,-0.0287,0,0.0285,0.0152,0.9995,0,-1.0598,0.5676,97.6644,1]},
{"frame":15,"values":[-0.0128,0.9998,-0.0158,0,0.9995,0.0123,-0.0305,0,0.0303,0.0162,0.9994,0,-1.1403,0.6276,97.705,1]},
{"frame":16,"values":[-0.0129,0.9998,-0.0167,0,0.9994,0.0124,-0.0322,0,0.032,0.0171,0.9993,0,-1.212,0.6866,97.7462,1]},
{"frame":17,"values":[-0.013,0.9998,-0.0176,0,0.9994,0.0124,-0.0338,0,0.0336,0.018,0.9993,0,-1.2758,0.7439,97.7882,1]},
{"frame":18,"values":[-0.013,0.9997,-0.0183,0,0.9993,0.0123,-0.0351,0,0.0349,0.0187,0.9992,0,-1.3335,0.8011,97.8302,1]},
{"frame":19,"values":[-0.013,0.9997,-0.0189,0,0.9993,0.0123,-0.0363,0,0.036,0.0194,0.9992,0,-1.3837,0.8591,97.8702,1]},
{"frame":20,"values":[-0.0129,0.9997,-0.0195,0,0.9992,0.0122,-0.0373,0,0.037,0.0199,0.9991,0,-1.4217,0.9171,97.9047,1]},
{"frame":21,"values":[-0.0128,0.9997,-0.02,0,0.9992,0.0121,-0.0382,0,0.0379,0.0204,0.9991,0,-1.4441,0.9766,97.9296,1]},
{"frame":22,"values":[-0.0127,0.9997,-0.0204,0,0.9992,0.0119,-0.039,0,0.0387,0.0209,0.999,0,-1.4518,1.0429,97.9428,1]},
{"frame":23,"values":[-0.0126,0.9997,-0.0208,0,0.9991,0.0118,-0.0396,0,0.0393,0.0213,0.999,0,-1.4475,1.1201,97.9459,1]},
{"frame":24,"values":[-0.0126,0.9997,-0.021,0,0.9991,0.0118,-0.04,0,0.0397,0.0215,0.999,0,-1.4321,1.2053,97.9429,1]},
{"frame":25,"values":[-0.0126,0.9997,-0.0211,0,0.9991,0.0117,-0.0401,0,0.0399,0.0216,0.999,0,-1.4047,1.2913,97.9365,1]},
{"frame":26,"values":[-0.0125,0.9997,-0.021,0,0.9991,0.0117,-0.04,0,0.0397,0.0215,0.999,0,-1.3664,1.3733,97.9264,1]},
{"frame":27,"values":[-0.0124,0.9997,-0.0209,0,0.9991,0.0116,-0.0397,0,0.0394,0.0214,0.999,0,-1.3196,1.4485,97.9116,1]},
{"frame":28,"values":[-0.0124,0.9997,-0.0206,0,0.9992,0.0116,-0.0392,0,0.039,0.0211,0.999,0,-1.2664,1.5144,97.8926,1]},
{"frame":29,"values":[-0.0123,0.9997,-0.0203,0,0.9992,0.0116,-0.0387,0,0.0384,0.0208,0.999,0,-1.2111,1.5694,97.8691,1]},
{"frame":30,"values":[-0.0122,0.9997,-0.0199,0,0.9992,0.0115,-0.0379,0,0.0377,0.0204,0.9991,0,-1.1633,1.6176,97.8365,1]},
{"frame":31,"values":[-0.012,0.9997,-0.0195,0,0.9993,0.0113,-0.037,0,0.0368,0.0199,0.9991,0,-1.1301,1.6668,97.7875,1]},
{"frame":32,"values":[-0.0119,0.9998,-0.0189,0,0.9993,0.0112,-0.0359,0,0.0356,0.0193,0.9992,0,-1.104,1.7208,97.719,1]},
{"frame":33,"values":[-0.0117,0.9998,-0.0182,0,0.9993,0.0111,-0.0346,0,0.0344,0.0186,0.9992,0,-1.0634,1.7758,97.6374,1]},
{"frame":34,"values":[-0.0116,0.9998,-0.0174,0,0.9994,0.0111,-0.0332,0,0.033,0.0178,0.9993,0,-0.9894,1.8261,97.5564,1]},
{"frame":35,"values":[-0.0115,0.9998,-0.0166,0,0.9994,0.011,-0.0317,0,0.0315,0.017,0.9994,0,-0.8789,1.87,97.4897,1]},
{"frame":36,"values":[-0.0114,0.9998,-0.0158,0,0.9995,0.0109,-0.0302,0,0.03,0.0161,0.9994,0,-0.743,1.9109,97.4421,1]},
{"frame":37,"values":[-0.0111,0.9998,-0.015,0,0.9995,0.0107,-0.0287,0,0.0285,0.0153,0.9995,0,-0.5951,1.9517,97.4085,1]},
{"frame":38,"values":[-0.0109,0.9998,-0.0143,0,0.9996,0.0105,-0.0272,0,0.0271,0.0146,0.9995,0,-0.4426,1.9918,97.3787,1]},
{"frame":39,"values":[-0.0107,0.9999,-0.0135,0,0.9996,0.0104,-0.0259,0,0.0257,0.0138,0.9996,0,-0.2894,2.0291,97.3452,1]},
{"frame":40,"values":[-0.0106,0.9999,-0.0128,0,0.9996,0.0103,-0.0246,0,0.0244,0.0131,0.9996,0,-0.1405,2.063,97.3064,1]},
{"frame":41,"values":[-0.0106,0.9999,-0.0121,0,0.9997,0.0103,-0.0232,0,0.023,0.0123,0.9997,0,-0.0011,2.0931,97.2664,1]},
{"frame":42,"values":[-0.0106,0.9999,-0.0112,0,0.9997,0.0103,-0.0217,0,0.0216,0.0115,0.9997,0,0.1284,2.1167,97.2301,1]},
{"frame":43,"values":[-0.0106,0.9999,-0.0104,0,0.9997,0.0104,-0.0202,0,0.0201,0.0106,0.9997,0,0.2537,2.1301,97.2003,1]},
{"frame":44,"values":[-0.0106,0.9999,-0.0095,0,0.9998,0.0104,-0.0186,0,0.0185,0.0097,0.9998,0,0.3804,2.1339,97.1741,1]},
{"frame":45,"values":[-0.0106,0.9999,-0.0087,0,0.9998,0.0104,-0.0171,0,0.017,0.0088,0.9998,0,0.5093,2.1343,97.1456,1]},
{"frame":46,"values":[-0.0105,0.9999,-0.0078,0,0.9998,0.0104,-0.0155,0,0.0154,0.008,0.9998,0,0.638,2.1391,97.1103,1]},
{"frame":47,"values":[-0.0105,0.9999,-0.007,0,0.9998,0.0104,-0.014,0,0.014,0.0072,0.9999,0,0.7648,2.1519,97.0693,1]},
{"frame":48,"values":[-0.0107,0.9999,-0.0062,0,0.9999,0.0106,-0.0126,0,0.0125,0.0063,0.9999,0,0.8886,2.173,97.0288,1]},
{"frame":49,"values":[-0.0109,0.9999,-0.0054,0,0.9999,0.0108,-0.0112,0,0.0111,0.0055,0.9999,0,1.0075,2.2004,96.994,1]},
{"frame":50,"values":[-0.0111,0.9999,-0.0045,0,0.9999,0.0111,-0.0097,0,0.0097,0.0047,0.9999,0,1.1194,2.2297,96.9655,1]},
{"frame":51,"values":[-0.0113,0.9999,-0.0037,0,0.9999,0.0113,-0.0083,0,0.0082,0.0038,1,0,1.225,2.2526,96.9403,1]},
{"frame":52,"values":[-0.0114,0.9999,-0.003,0,0.9999,0.0114,-0.0069,0,0.0069,0.003,1,0,1.3266,2.2601,96.9158,1]},
{"frame":53,"values":[-0.0114,0.9999,-0.0022,0,0.9999,0.0114,-0.0056,0,0.0056,0.0023,1,0,1.4234,2.2499,96.8911,1]},
{"frame":54,"values":[-0.0113,0.9999,-0.0016,0,0.9999,0.0113,-0.0044,0,0.0044,0.0017,1,0,1.5112,2.2261,96.8675,1]},
{"frame":55,"values":[-0.0112,0.9999,-0.001,0,0.9999,0.0112,-0.0033,0,0.0033,0.0011,1,0,1.5862,2.1955,96.8466,1]},
{"frame":56,"values":[-0.0112,0.9999,-0.0006,0,0.9999,0.0112,-0.0026,0,0.0026,0.0007,1,0,1.6473,2.1615,96.8309,1]},
{"frame":57,"values":[-0.0112,0.9999,-0.0005,0,0.9999,0.0112,-0.0024,0,0.0024,0.0005,1,0,1.6977,2.1229,96.8245,1]},
{"frame":58,"values":[-0.0113,0.9999,-0.0007,0,0.9999,0.0113,-0.0027,0,0.0027,0.0007,1,0,1.742,2.0777,96.8312,1]},
{"frame":59,"values":[-0.0113,0.9999,-0.0009,0,0.9999,0.0113,-0.0032,0,0.0032,0.001,1,0,1.7832,2.0243,96.8514,1]},
{"frame":60,"values":[-0.0112,0.9999,-0.0012,0,0.9999,0.0112,-0.0037,0,0.0037,0.0013,1,0,1.8171,1.9646,96.879,1]},
{"frame":61,"values":[-0.0111,0.9999,-0.0013,0,0.9999,0.0111,-0.0039,0,0.0038,0.0014,1,0,1.8367,1.9033,96.903,1]},
{"frame":62,"values":[-0.0111,0.9999,-0.0013,0,0.9999,0.0111,-0.0037,0,0.0037,0.0013,1,0,1.8378,1.8453,96.9146,1]},
{"frame":63,"values":[-0.0111,0.9999,-0.0011,0,0.9999,0.0111,-0.0034,0,0.0034,0.0011,1,0,1.8221,1.7937,96.9125,1]},
{"frame":64,"values":[-0.0111,0.9999,-0.0009,0,0.9999,0.0111,-0.0031,0,0.0031,0.0009,1,0,1.7923,1.7517,96.9027,1]},
{"frame":65,"values":[-0.011,0.9999,-0.0008,0,0.9999,0.011,-0.0028,0,0.0028,0.0008,1,0,1.7506,1.7215,96.8935,1]},
{"frame":66,"values":[-0.011,0.9999,-0.0007,0,0.9999,0.011,-0.0028,0,0.0027,0.0008,1,0,1.6995,1.7014,96.8905,1]},
{"frame":67,"values":[-0.011,0.9999,-0.0007,0,0.9999,0.011,-0.0027,0,0.0027,0.0007,1,0,1.6432,1.6849,96.8938,1]},
{"frame":68,"values":[-0.0111,0.9999,-0.0006,0,0.9999,0.0111,-0.0026,0,0.0026,0.0007,1,0,1.583,1.6646,96.8996,1]},
{"frame":69,"values":[-0.0112,0.9999,-0.0006,0,0.9999,0.0112,-0.0026,0,0.0026,0.0007,1,0,1.5162,1.636,96.904,1]},
{"frame":70,"values":[-0.0114,0.9999,-0.0007,0,0.9999,0.0114,-0.0027,0,0.0027,0.0007,1,0,1.4394,1.5971,96.9059,1]},
{"frame":71,"values":[-0.0114,0.9999,-0.0007,0,0.9999,0.0114,-0.0028,0,0.0028,0.0008,1,0,1.3505,1.5479,96.9085,1]},
{"frame":72,"values":[-0.0114,0.9999,-0.0009,0,0.9999,0.0114,-0.0031,0,0.0031,0.0009,1,0,1.2482,1.4845,96.9165,1]},
{"frame":73,"values":[-0.0114,0.9999,-0.001,0,0.9999,0.0114,-0.0034,0,0.0034,0.0011,1,0,1.1322,1.4039,96.9323,1]},
{"frame":74,"values":[-0.0114,0.9999,-0.0012,0,0.9999,0.0114,-0.0037,0,0.0037,0.0012,1,0,1.0013,1.3048,96.9543,1]},
{"frame":75,"values":[-0.0114,0.9999,-0.0013,0,0.9999,0.0114,-0.0038,0,0.0038,0.0013,1,0,0.8576,1.1956,96.9778,1]},
{"frame":76,"values":[-0.0113,0.9999,-0.0013,0,0.9999,0.0113,-0.0038,0,0.0038,0.0013,1,0,0.7088,1.0901,97.0004,1]},
{"frame":77,"values":[-0.0113,0.9999,-0.0013,0,0.9999,0.0113,-0.0038,0,0.0037,0.0013,1,0,0.5664,1.0019,97.0236,1]},
{"frame":78,"values":[-0.0113,0.9999,-0.0012,0,0.9999,0.0113,-0.0036,0,0.0036,0.0012,1,0,0.4365,0.9356,97.0464,1]},
{"frame":79,"values":[-0.0113,0.9999,-0.0012,0,0.9999,0.0113,-0.0036,0,0.0036,0.0012,1,0,0.3168,0.8845,97.0688,1]},
{"frame":80,"values":[-0.0113,0.9999,-0.0013,0,0.9999,0.0113,-0.0038,0,0.0038,0.0013,1,0,0.2013,0.8392,97.0901,1]},
{"frame":91,"values":[0.0956,-0.0182,0.9953,0,0.995,-0.0259,-0.096,0,-0.0275,-0.9995,-0.0156,0,0.5128,3.1176,101.4754,1]},
{"frame":92,"values":[0.0957,-0.018,0.9952,0,0.995,-0.026,-0.0961,0,-0.0276,-0.9995,-0.0155,0,0.5247,3.1461,101.4779,1]},
{"frame":93,"values":[0.0958,-0.018,0.9952,0,0.995,-0.0262,-0.0963,0,-0.0278,-0.9995,-0.0154,0,0.5366,3.1748,101.4819,1]},
{"frame":94,"values":[0.096,-0.0179,0.9952,0,0.995,-0.0264,-0.0964,0,-0.028,-0.9995,-0.0153,0,0.5486,3.2033,101.4861,1]},
{"frame":95,"values":[0.0961,-0.0179,0.9952,0,0.995,-0.0266,-0.0966,0,-0.0282,-0.9995,-0.0152,0,0.561,3.231,101.4893,1]},
{"frame":96,"values":[0.0963,-0.0178,0.9952,0,0.995,-0.0268,-0.0967,0,-0.0284,-0.9995,-0.0151,0,0.5737,3.2571,101.4908,1]},
{"frame":97,"values":[0.0964,-0.0177,0.9952,0,0.9949,-0.0268,-0.0969,0,-0.0284,-0.9995,-0.015,0,0.5869,3.2816,101.4915,1]},
{"frame":98,"values":[0.0966,-0.0177,0.9952,0,0.9949,-0.0268,-0.0971,0,-0.0284,-0.9995,-0.015,0,0.6005,3.3047,101.4924,1]},
{"frame":99,"values":[0.0968,-0.0176,0.9951,0,0.9949,-0.0268,-0.0973,0,-0.0284,-0.9995,-0.015,0,0.6147,3.3266,101.4934,1]},
{"frame":100,"values":[0.0971,-0.0176,0.9951,0,0.9949,-0.0268,-0.0975,0,-0.0284,-0.9995,-0.0149,0,0.6294,3.3474,101.4932,1]},
{"frame":101,"values":[0.0974,-0.0175,0.9951,0,0.9948,-0.0268,-0.0978,0,-0.0284,-0.9995,-0.0148,0,0.645,3.3666,101.4911,1]},
{"frame":102,"values":[0.0977,-0.0174,0.9951,0,0.9948,-0.027,-0.0982,0,-0.0285,-0.9995,-0.0147,0,0.6611,3.3838,101.4881,1]},
{"frame":103,"values":[0.098,-0.0172,0.995,0,0.9948,-0.027,-0.0985,0,-0.0286,-0.9995,-0.0145,0,0.677,3.399,101.4859,1]},
{"frame":104,"values":[0.0984,-0.0169,0.995,0,0.9947,-0.027,-0.0988,0,-0.0285,-0.9995,-0.0141,0,0.6917,3.4124,101.4858,1]},
{"frame":105,"values":[0.0986,-0.0164,0.995,0,0.9947,-0.0268,-0.099,0,-0.0283,-0.9995,-0.0137,0,0.7044,3.4242,101.4883,1]},
{"frame":106,"values":[0.0987,-0.016,0.995,0,0.9947,-0.0266,-0.0991,0,-0.0281,-0.9995,-0.0132,0,0.716,3.4347,101.4933,1]},
{"frame":107,"values":[0.0987,-0.0155,0.995,0,0.9947,-0.0266,-0.0991,0,-0.028,-0.9995,-0.0128,0,0.728,3.4441,101.5005,1]},
{"frame":108,"values":[0.0987,-0.015,0.995,0,0.9947,-0.0268,-0.099,0,-0.0281,-0.9995,-0.0123,0,0.7417,3.4535,101.5086,1]},
{"frame":109,"values":[0.0986,-0.0146,0.995,0,0.9947,-0.0271,-0.0989,0,-0.0284,-0.9995,-0.0118,0,0.757,3.4635,101.5156,1]},
{"frame":110,"values":[0.0985,-0.0142,0.995,0,0.9947,-0.0273,-0.0989,0,-0.0286,-0.9995,-0.0114,0,0.7728,3.4743,101.5193,1]},
{"frame":111,"values":[0.0985,-0.0138,0.995,0,0.9947,-0.0275,-0.0989,0,-0.0287,-0.9995,-0.0111,0,0.7881,3.4852,101.5196,1]},
{"frame":112,"values":[0.0986,-0.0136,0.995,0,0.9947,-0.0276,-0.0989,0,-0.0288,-0.9995,-0.0108,0,0.8024,3.4958,101.5186,1]},
{"frame":113,"values":[0.0987,-0.0134,0.995,0,0.9947,-0.0277,-0.099,0,-0.0289,-0.9995,-0.0106,0,0.8158,3.5054,101.5195,1]},
{"frame":114,"values":[0.0988,-0.0132,0.995,0,0.9947,-0.0277,-0.0991,0,-0.0288,-0.9995,-0.0104,0,0.8285,3.5136,101.5236,1]},
{"frame":115,"values":[0.0988,-0.0131,0.995,0,0.9947,-0.0275,-0.0992,0,-0.0286,-0.9995,-0.0103,0,0.8407,3.5192,101.5299,1]},
{"frame":116,"values":[0.0989,-0.0129,0.995,0,0.9947,-0.0271,-0.0992,0,-0.0283,-0.9995,-0.0102,0,0.8526,3.5211,101.5359,1]},
{"frame":117,"values":[0.0989,-0.0127,0.995,0,0.9947,-0.0266,-0.0992,0,-0.0277,-0.9996,-0.01,0,0.8649,3.5187,101.5389,1]},
{"frame":118,"values":[0.099,-0.0125,0.995,0,0.9947,-0.0261,-0.0993,0,-0.0272,-0.9996,-0.0098,0,0.8778,3.5122,101.5379,1]},
{"frame":119,"values":[0.0992,-0.0122,0.995,0,0.9947,-0.0256,-0.0995,0,-0.0266,-0.9996,-0.0096,0,0.8915,3.5026,101.5339,1]},
{"frame":120,"values":[0.0995,-0.0121,0.995,0,0.9947,-0.0251,-0.0997,0,-0.0262,-0.9996,-0.0095,0,0.9061,3.4909,101.5292,1]},
{"frame":121,"values":[0.0997,-0.0121,0.9949,0,0.9947,-0.0246,-0.1,0,-0.0257,-0.9996,-0.0096,0,0.9217,3.4789,101.5256,1]},
{"frame":122,"values":[0.1,-0.0121,0.9949,0,0.9947,-0.0241,-0.1002,0,-0.0252,-0.9996,-0.0097,0,0.9382,3.4676,101.5238,1]},
{"frame":123,"values":[0.1002,-0.0123,0.9949,0,0.9947,-0.0236,-0.1004,0,-0.0247,-0.9996,-0.0098,0,0.9559,3.4578,101.5231,1]},
{"frame":124,"values":[0.1004,-0.0124,0.9949,0,0.9947,-0.0232,-0.1006,0,-0.0244,-0.9997,-0.01,0,0.9745,3.4493,101.5225,1]},
{"frame":125,"values":[0.1006,-0.0125,0.9949,0,0.9946,-0.023,-0.1008,0,-0.0242,-0.9997,-0.0101,0,0.9939,3.4412,101.521,1]},
{"frame":126,"values":[0.1008,-0.0126,0.9948,0,0.9946,-0.0231,-0.101,0,-0.0242,-0.9997,-0.0102,0,1.0141,3.4331,101.5187,1]},
{"frame":127,"values":[0.1009,-0.0127,0.9948,0,0.9946,-0.0233,-0.1012,0,-0.0245,-0.9996,-0.0103,0,1.0351,3.4257,101.5166,1]},
{"frame":128,"values":[0.1011,-0.0129,0.9948,0,0.9946,-0.0236,-0.1014,0,-0.0248,-0.9996,-0.0104,0,1.0565,3.42,101.516,1]},
{"frame":129,"values":[0.1013,-0.0132,0.9948,0,0.9945,-0.0239,-0.1016,0,-0.0252,-0.9996,-0.0107,0,1.0779,3.4168,101.5172,1]},
{"frame":130,"values":[0.1015,-0.0135,0.9947,0,0.9945,-0.0241,-0.1018,0,-0.0254,-0.9996,-0.011,0,1.0992,3.416,101.5187,1]},
{"frame":131,"values":[0.1016,-0.0138,0.9947,0,0.9945,-0.0241,-0.1019,0,-0.0254,-0.9996,-0.0113,0,1.1202,3.4162,101.5189,1]},
{"frame":132,"values":[0.1017,-0.0141,0.9947,0,0.9945,-0.0241,-0.1021,0,-0.0254,-0.9996,-0.0116,0,1.1398,3.4164,101.5179,1]},
{"frame":133,"values":[0.1019,-0.0143,0.9947,0,0.9945,-0.024,-0.1022,0,-0.0254,-0.9996,-0.0118,0,1.1564,3.4166,101.5172,1]},
{"frame":134,"values":[0.1021,-0.0145,0.9947,0,0.9945,-0.0241,-0.1024,0,-0.0254,-0.9996,-0.012,0,1.1689,3.4176,101.5183,1]},
{"frame":135,"values":[0.1022,-0.0149,0.9947,0,0.9944,-0.0243,-0.1026,0,-0.0257,-0.9996,-0.0123,0,1.1771,3.4208,101.5213,1]},
{"frame":136,"values":[0.1023,-0.0152,0.9946,0,0.9944,-0.0245,-0.1027,0,-0.026,-0.9996,-0.0126,0,1.1819,3.4265,101.5251,1]},
{"frame":137,"values":[0.1024,-0.0156,0.9946,0,0.9944,-0.0248,-0.1028,0,-0.0263,-0.9996,-0.013,0,1.1845,3.4342,101.528,1]},
{"frame":138,"values":[0.1025,-0.016,0.9946,0,0.9944,-0.0251,-0.1029,0,-0.0266,-0.9996,-0.0133,0,1.1856,3.4439,101.5289,1]},
{"frame":139,"values":[0.1026,-0.0163,0.9946,0,0.9944,-0.0253,-0.103,0,-0.0269,-0.9995,-0.0136,0,1.185,3.4558,101.5278,1]},
{"frame":140,"values":[0.1028,-0.0166,0.9946,0,0.9943,-0.0255,-0.1032,0,-0.0271,-0.9995,-0.0139,0,1.1829,3.47,101.5256,1]},
{"frame":141,"values":[0.1029,-0.017,0.9945,0,0.9943,-0.0257,-0.1033,0,-0.0273,-0.9995,-0.0142,0,1.18,3.4858,101.5243,1]},
{"frame":142,"values":[0.1029,-0.0173,0.9945,0,0.9943,-0.0259,-0.1033,0,-0.0275,-0.9995,-0.0145,0,1.1775,3.502,101.5254,1]},
{"frame":143,"values":[0.1028,-0.0176,0.9945,0,0.9943,-0.026,-0.1032,0,-0.0276,-0.9995,-0.0148,0,1.1761,3.5175,101.5289,1]},
{"frame":144,"values":[0.1026,-0.0177,0.9946,0,0.9943,-0.026,-0.1031,0,-0.0277,-0.9995,-0.015,0,1.1753,3.5318,101.5328,1]},
{"frame":145,"values":[0.1025,-0.0179,0.9946,0,0.9944,-0.0259,-0.1029,0,-0.0276,-0.9995,-0.0151,0,1.1742,3.5445,101.5344,1]},
{"frame":146,"values":[0.1025,-0.018,0.9946,0,0.9944,-0.0257,-0.1029,0,-0.0275,-0.9995,-0.0153,0,1.1722,3.5553,101.5326,1]},
{"frame":147,"values":[0.1025,-0.0182,0.9946,0,0.9944,-0.0256,-0.103,0,-0.0274,-0.9995,-0.0155,0,1.1694,3.5645,101.529,1]},
{"frame":148,"values":[0.1026,-0.0183,0.9946,0,0.9943,-0.0255,-0.1031,0,-0.0273,-0.9995,-0.0156,0,1.1668,3.5727,101.5267,1]},
{"frame":149,"values":[0.1025,-0.0184,0.9946,0,0.9944,-0.0254,-0.103,0,-0.0272,-0.9995,-0.0157,0,1.1651,3.5808,101.5283,1]},
{"frame":150,"values":[0.1023,-0.0184,0.9946,0,0.9944,-0.0252,-0.1028,0,-0.027,-0.9995,-0.0157,0,1.1642,3.5889,101.5333,1]},
{"frame":151,"values":[0.102,-0.0183,0.9946,0,0.9944,-0.0249,-0.1024,0,-0.0267,-0.9995,-0.0157,0,1.1634,3.597,101.5392,1]},
{"frame":152,"values":[0.1017,-0.0182,0.9946,0,0.9945,-0.0247,-0.1022,0,-0.0264,-0.9995,-0.0156,0,1.162,3.6049,101.5435,1]},
{"frame":153,"values":[0.1016,-0.0181,0.9947,0,0.9945,-0.0245,-0.102,0,-0.0262,-0.9995,-0.0155,0,1.1597,3.6129,101.546,1]},
{"frame":154,"values":[0.1014,-0.0179,0.9947,0,0.9945,-0.0245,-0.1019,0,-0.0262,-0.9995,-0.0153,0,1.1563,3.6216,101.548,1]},
{"frame":155,"values":[0.1013,-0.0178,0.9947,0,0.9945,-0.0247,-0.1017,0,-0.0263,-0.9995,-0.0152,0,1.1517,3.6315,101.5509,1]},
{"frame":156,"values":[0.1012,-0.0176,0.9947,0,0.9945,-0.0249,-0.1016,0,-0.0266,-0.9995,-0.015,0,1.1459,3.6428,101.5551,1]},
{"frame":157,"values":[0.101,-0.0175,0.9947,0,0.9945,-0.0251,-0.1014,0,-0.0268,-0.9995,-0.0149,0,1.1392,3.6551,101.56,1]},
{"frame":158,"values":[0.1008,-0.0174,0.9948,0,0.9945,-0.0253,-0.1012,0,-0.0269,-0.9995,-0.0147,0,1.1321,3.668,101.5648,1]},
{"frame":159,"values":[0.1005,-0.0173,0.9948,0,0.9946,-0.0254,-0.101,0,-0.027,-0.9995,-0.0146,0,1.1257,3.6809,101.5692,1]},
{"frame":160,"values":[0.1003,-0.0171,0.9948,0,0.9946,-0.0254,-0.1007,0,-0.027,-0.9995,-0.0145,0,1.1201,3.6928,101.5724,1]},
{"frame":161,"values":[0.1001,-0.017,0.9948,0,0.9946,-0.0254,-0.1005,0,-0.027,-0.9995,-0.0144,0,1.1147,3.703,101.5747,1]},
{"frame":162,"values":[0.0998,-0.0169,0.9949,0,0.9946,-0.0253,-0.1003,0,-0.0268,-0.9995,-0.0143,0,1.1084,3.7107,101.5766,1]},
{"frame":163,"values":[0.0996,-0.0167,0.9949,0,0.9947,-0.025,-0.1,0,-0.0266,-0.9995,-0.0142,0,1.1004,3.7158,101.579,1]},
{"frame":164,"values":[0.0994,-0.0166,0.9949,0,0.9947,-0.0247,-0.0998,0,-0.0263,-0.9996,-0.014,0,1.091,3.7183,101.5817,1]},
{"frame":165,"values":[0.0992,-0.0164,0.9949,0,0.9947,-0.0244,-0.0996,0,-0.0259,-0.9996,-0.0139,0,1.081,3.7178,101.5837,1]},
{"frame":166,"values":[0.0991,-0.0162,0.9949,0,0.9948,-0.024,-0.0995,0,-0.0255,-0.9996,-0.0137,0,1.0708,3.7141,101.584,1]},
{"frame":167,"values":[0.099,-0.016,0.995,0,0.9948,-0.0236,-0.0994,0,-0.0251,-0.9996,-0.0136,0,1.0606,3.7072,101.5828,1]},
{"frame":168,"values":[0.099,-0.0158,0.995,0,0.9948,-0.0232,-0.0993,0,-0.0246,-0.9996,-0.0134,0,1.0507,3.698,101.5814,1]},
{"frame":169,"values":[0.0989,-0.0156,0.995,0,0.9948,-0.0227,-0.0992,0,-0.0241,-0.9996,-0.0133,0,1.0418,3.6875,101.5799,1]},
{"frame":170,"values":[0.0988,-0.0155,0.995,0,0.9948,-0.0222,-0.0991,0,-0.0236,-0.9996,-0.0132,0,1.0343,3.677,101.578,1]},
{"frame":171,"values":[0.0986,-0.0153,0.995,0,0.9949,-0.0218,-0.0989,0,-0.0232,-0.9996,-0.0131,0,1.0282,3.667,101.5756,1]},
{"frame":172,"values":[0.0985,-0.0152,0.995,0,0.9949,-0.0215,-0.0988,0,-0.0229,-0.9997,-0.013,0,1.0225,3.6579,101.5737,1]},
{"frame":173,"values":[0.0983,-0.0152,0.995,0,0.9949,-0.0214,-0.0986,0,-0.0228,-0.9997,-0.013,0,1.0163,3.6499,101.5735,1]},
{"frame":174,"values":[0.0982,-0.0154,0.9951,0,0.9949,-0.0215,-0.0985,0,-0.0229,-0.9997,-0.0132,0,1.0091,3.6435,101.5756,1]},
{"frame":175,"values":[0.098,-0.0155,0.9951,0,0.9949,-0.0216,-0.0983,0,-0.0231,-0.9996,-0.0133,0,1.0014,3.6383,101.5787,1]},
{"frame":176,"values":[0.0978,-0.0157,0.9951,0,0.9949,-0.0219,-0.0982,0,-0.0233,-0.9996,-0.0135,0,0.9938,3.6335,101.5807,1]},
{"frame":177,"values":[0.0977,-0.0159,0.9951,0,0.9949,-0.0221,-0.098,0,-0.0235,-0.9996,-0.0136,0,0.9864,3.628,101.5801,1]},
{"frame":178,"values":[0.0976,-0.016,0.9951,0,0.9949,-0.0223,-0.0979,0,-0.0237,-0.9996,-0.0137,0,0.9788,3.6212,101.5767,1]},
{"frame":179,"values":[0.0976,-0.0161,0.9951,0,0.9949,-0.0224,-0.0979,0,-0.0239,-0.9996,-0.0139,0,0.9702,3.613,101.5712,1]},
{"frame":180,"values":[0.0977,-0.0164,0.9951,0,0.9949,-0.0226,-0.098,0,-0.024,-0.9996,-0.0141,0,0.9598,3.6039,101.5643,1]},
{"frame":181,"values":[0.0978,-0.0166,0.9951,0,0.9949,-0.0226,-0.0982,0,-0.0242,-0.9996,-0.0143,0,0.947,3.595,101.5564,1]},
{"frame":182,"values":[0.098,-0.0168,0.995,0,0.9949,-0.0227,-0.0983,0,-0.0242,-0.9996,-0.0145,0,0.9318,3.5876,101.5483,1]},
{"frame":183,"values":[0.0981,-0.017,0.995,0,0.9949,-0.0227,-0.0985,0,-0.0243,-0.9996,-0.0147,0,0.9143,3.5833,101.5409,1]},
{"frame":184,"values":[0.0981,-0.0172,0.995,0,0.9949,-0.0227,-0.0985,0,-0.0242,-0.9996,-0.0148,0,0.8945,3.5822,101.5358,1]},
{"frame":185,"values":[0.0981,-0.0173,0.995,0,0.9949,-0.0226,-0.0985,0,-0.0242,-0.9996,-0.015,0,0.8726,3.5834,101.5339,1]},
{"frame":186,"values":[0.098,-0.0174,0.995,0,0.9949,-0.0226,-0.0984,0,-0.0242,-0.9996,-0.0151,0,0.8496,3.5852,101.5348,1]},
{"frame":187,"values":[0.0978,-0.0174,0.995,0,0.9949,-0.0226,-0.0982,0,-0.0242,-0.9996,-0.0151,0,0.8268,3.5862,101.5367,1]},
{"frame":188,"values":[0.0977,-0.0173,0.9951,0,0.9949,-0.0227,-0.0981,0,-0.0242,-0.9996,-0.015,0,0.8052,3.5864,101.5379,1]},
{"frame":189,"values":[0.0975,-0.0172,0.9951,0,0.9949,-0.0227,-0.0979,0,-0.0242,-0.9996,-0.0149,0,0.7848,3.5861,101.5377,1]},
{"frame":190,"values":[0.0974,-0.0171,0.9951,0,0.995,-0.0226,-0.0977,0,-0.0242,-0.9996,-0.0148,0,0.7653,3.5852,101.5363,1]},
{"frame":191,"values":[0.0973,-0.017,0.9951,0,0.995,-0.0226,-0.0976,0,-0.0241,-0.9996,-0.0148,0,0.7466,3.5835,101.5342,1]},
{"frame":192,"values":[0.0972,-0.017,0.9951,0,0.995,-0.0227,-0.0975,0,-0.0242,-0.9996,-0.0147,0,0.729,3.5806,101.5314,1]},
{"frame":193,"values":[0.0971,-0.0169,0.9951,0,0.995,-0.0229,-0.0975,0,-0.0244,-0.9996,-0.0146,0,0.7133,3.5767,101.528,1]},
{"frame":194,"values":[0.097,-0.0168,0.9951,0,0.995,-0.0231,-0.0974,0,-0.0246,-0.9996,-0.0145,0,0.6997,3.5722,101.5247,1]},
{"frame":195,"values":[0.0969,-0.0167,0.9952,0,0.995,-0.0232,-0.0973,0,-0.0248,-0.9996,-0.0144,0,0.6879,3.5673,101.5226,1]},
{"frame":196,"values":[0.0968,-0.0165,0.9952,0,0.995,-0.0232,-0.0971,0,-0.0247,-0.9996,-0.0142,0,0.6774,3.5615,101.5218,1]},
{"frame":197,"values":[0.0966,-0.0163,0.9952,0,0.995,-0.0231,-0.097,0,-0.0245,-0.9996,-0.014,0,0.6683,3.5543,101.5219,1]},
{"frame":198,"values":[0.0965,-0.0161,0.9952,0,0.995,-0.023,-0.0968,0,-0.0244,-0.9996,-0.0138,0,0.6609,3.5456,101.5217,1]},
{"frame":199,"values":[0.0964,-0.0158,0.9952,0,0.995,-0.023,-0.0967,0,-0.0244,-0.9996,-0.0135,0,0.6553,3.536,101.5207,1]},
{"frame":200,"values":[0.0964,-0.0155,0.9952,0,0.995,-0.023,-0.0967,0,-0.0244,-0.9996,-0.0132,0,0.6509,3.5266,101.5185,1]},
{"frame":201,"values":[0.0965,-0.0153,0.9952,0,0.995,-0.023,-0.0968,0,-0.0244,-0.9996,-0.013,0,0.6472,3.5178,101.5155,1]},
{"frame":202,"values":[0.0966,-0.0151,0.9952,0,0.995,-0.0229,-0.0969,0,-0.0243,-0.9996,-0.0128,0,0.6448,3.5094,101.5123,1]},
{"frame":203,"values":[0.0966,-0.0148,0.9952,0,0.995,-0.0227,-0.0969,0,-0.024,-0.9996,-0.0126,0,0.6442,3.5016,101.5103,1]},
{"frame":204,"values":[0.0966,-0.0146,0.9952,0,0.995,-0.0224,-0.0969,0,-0.0237,-0.9996,-0.0123,0,0.6455,3.4945,101.5103,1]},
{"frame":205,"values":[0.0966,-0.0143,0.9952,0,0.995,-0.0222,-0.0969,0,-0.0235,-0.9997,-0.0121,0,0.6484,3.4886,101.5121,1]},
{"frame":206,"values":[0.0966,-0.0141,0.9952,0,0.9951,-0.0222,-0.0969,0,-0.0234,-0.9997,-0.0119,0,0.6527,3.4838,101.514,1]},
{"frame":207,"values":[0.0966,-0.014,0.9952,0,0.995,-0.0223,-0.0969,0,-0.0235,-0.9997,-0.0117,0,0.6584,3.4797,101.5147,1]},
{"frame":208,"values":[0.0967,-0.0138,0.9952,0,0.995,-0.0225,-0.097,0,-0.0238,-0.9997,-0.0116,0,0.6656,3.4761,101.5143,1]},
{"frame":209,"values":[0.0967,-0.0137,0.9952,0,0.995,-0.0228,-0.097,0,-0.0241,-0.9996,-0.0114,0,0.6737,3.4729,101.5134,1]},
{"frame":210,"values":[0.0967,-0.0136,0.9952,0,0.995,-0.0231,-0.097,0,-0.0243,-0.9996,-0.0113,0,0.6822,3.4706,101.5127,1]},
{"frame":211,"values":[0.0966,-0.0135,0.9952,0,0.995,-0.0233,-0.0969,0,-0.0245,-0.9996,-0.0112,0,0.6902,3.4698,101.5121,1]},
{"frame":212,"values":[0.0966,-0.0135,0.9952,0,0.995,-0.0233,-0.0969,0,-0.0245,-0.9996,-0.0112,0,0.6972,3.4704,101.512,1]},
{"frame":213,"values":[0.0967,-0.0136,0.9952,0,0.995,-0.0233,-0.0969,0,-0.0245,-0.9996,-0.0112,0,0.7034,3.4722,101.5126,1]},
{"frame":214,"values":[0.0967,-0.0136,0.9952,0,0.995,-0.0232,-0.097,0,-0.0244,-0.9996,-0.0113,0,0.7094,3.4743,101.5143,1]},
{"frame":215,"values":[0.0966,-0.0136,0.9952,0,0.995,-0.0232,-0.0969,0,-0.0244,-0.9996,-0.0113,0,0.7157,3.4759,101.5165,1]},
{"frame":216,"values":[0.0966,-0.0135,0.9952,0,0.995,-0.0233,-0.0969,0,-0.0245,-0.9996,-0.0112,0,0.7221,3.4766,101.5185,1]},
{"frame":217,"values":[0.0965,-0.0135,0.9952,0,0.995,-0.0233,-0.0968,0,-0.0245,-0.9996,-0.0112,0,0.7277,3.4768,101.5197,1]},
{"frame":218,"values":[0.0966,-0.0135,0.9952,0,0.995,-0.0235,-0.0969,0,-0.0247,-0.9996,-0.0111,0,0.7323,3.4768,101.5201,1]},
{"frame":219,"values":[0.0966,-0.0135,0.9952,0,0.995,-0.0237,-0.0969,0,-0.0249,-0.9996,-0.0111,0,0.7367,3.477,101.52,1]},
{"frame":220,"values":[0.0967,-0.0135,0.9952,0,0.995,-0.0239,-0.097,0,-0.0251,-0.9996,-0.0111,0,0.742,3.4771,101.5196,1]},
{"frame":221,"values":[0.0968,-0.0135,0.9952,0,0.995,-0.0242,-0.0971,0,-0.0253,-0.9996,-0.0111,0,0.7479,3.4772,101.519,1]},
{"frame":222,"values":[0.0969,-0.0135,0.9952,0,0.995,-0.0243,-0.0972,0,-0.0255,-0.9996,-0.0111,0,0.7531,3.477,101.5184,1]},
{"frame":223,"values":[0.097,-0.0136,0.9952,0,0.995,-0.0243,-0.0973,0,-0.0256,-0.9996,-0.0111,0,0.7567,3.4766,101.5178,1]},
{"frame":224,"values":[0.0972,-0.0136,0.9952,0,0.9949,-0.0243,-0.0975,0,-0.0255,-0.9996,-0.0112,0,0.7597,3.476,101.5172,1]},
{"frame":225,"values":[0.0973,-0.0136,0.9952,0,0.9949,-0.0243,-0.0976,0,-0.0255,-0.9996,-0.0112,0,0.7637,3.475,101.516,1]},
{"frame":226,"values":[0.0974,-0.0136,0.9952,0,0.9949,-0.0244,-0.0977,0,-0.0256,-0.9996,-0.0111,0,0.7691,3.4734,101.5143,1]},
{"frame":227,"values":[0.0975,-0.0135,0.9951,0,0.9949,-0.0245,-0.0979,0,-0.0257,-0.9996,-0.011,0,0.776,3.471,101.5124,1]},
{"frame":228,"values":[0.0977,-0.0134,0.9951,0,0.9949,-0.0246,-0.0981,0,-0.0258,-0.9996,-0.0109,0,0.7839,3.4684,101.5114,1]},
{"frame":229,"values":[0.0979,-0.0134,0.9951,0,0.9949,-0.0246,-0.0982,0,-0.0258,-0.9996,-0.0109,0,0.793,3.4661,101.512,1]},
{"frame":230,"values":[0.098,-0.0134,0.9951,0,0.9948,-0.0245,-0.0983,0,-0.0257,-0.9996,-0.0109,0,0.8035,3.4645,101.515,1]},
{"frame":231,"values":[0.098,-0.0134,0.9951,0,0.9949,-0.0244,-0.0983,0,-0.0256,-0.9996,-0.0109,0,0.8155,3.4634,101.5193,1]},
{"frame":232,"values":[0.0979,-0.0134,0.9951,0,0.9949,-0.0243,-0.0982,0,-0.0255,-0.9996,-0.0109,0,0.8288,3.4617,101.5238,1]},
{"frame":233,"values":[0.0979,-0.0134,0.9951,0,0.9949,-0.0243,-0.0982,0,-0.0255,-0.9996,-0.0109,0,0.8429,3.4589,101.5271,1]},
{"frame":234,"values":[0.0978,-0.0134,0.9951,0,0.9949,-0.0245,-0.0981,0,-0.0257,-0.9996,-0.011,0,0.8569,3.4547,101.5295,1]},
{"frame":235,"values":[0.0978,-0.0136,0.9951,0,0.9949,-0.0246,-0.0981,0,-0.0258,-0.9996,-0.0111,0,0.8703,3.4494,101.5322,1]},
{"frame":236,"values":[0.0978,-0.0137,0.9951,0,0.9949,-0.0247,-0.0981,0,-0.0259,-0.9996,-0.0112,0,0.883,3.443,101.5361,1]},
{"frame":237,"values":[0.0978,-0.0138,0.9951,0,0.9949,-0.0247,-0.0981,0,-0.0259,-0.9996,-0.0113,0,0.895,3.4352,101.5409,1]},
{"frame":238,"values":[0.0977,-0.0139,0.9951,0,0.9949,-0.0247,-0.098,0,-0.026,-0.9996,-0.0114,0,0.9062,3.4257,101.5445,1]},
{"frame":239,"values":[0.0977,-0.014,0.9951,0,0.9949,-0.0247,-0.098,0,-0.026,-0.9996,-0.0115,0,0.9155,3.4142,101.5454,1]},
{"frame":240,"values":[0.0978,-0.0141,0.9951,0,0.9949,-0.0248,-0.0981,0,-0.0261,-0.9996,-0.0116,0,0.9223,3.4014,101.5437,1]},
{"frame":241,"values":[0.098,-0.0142,0.9951,0,0.9948,-0.0248,-0.0983,0,-0.0261,-0.9996,-0.0117,0,0.9269,3.3881,101.5411,1]},
{"frame":242,"values":[0.0981,-0.0144,0.9951,0,0.9948,-0.0248,-0.0984,0,-0.0261,-0.9996,-0.0119,0,0.9299,3.3752,101.5392,1]},
{"frame":243,"values":[0.0982,-0.0146,0.9951,0,0.9948,-0.0248,-0.0985,0,-0.0261,-0.9996,-0.0121,0,0.9312,3.3631,101.5384,1]},
{"frame":244,"values":[0.0982,-0.0147,0.9951,0,0.9948,-0.0246,-0.0986,0,-0.026,-0.9996,-0.0122,0,0.9298,3.3512,101.5379,1]},
{"frame":245,"values":[0.0983,-0.0149,0.995,0,0.9948,-0.0246,-0.0987,0,-0.0259,-0.9996,-0.0124,0,0.9246,3.3383,101.5369,1]},
{"frame":246,"values":[0.0984,-0.015,0.995,0,0.9948,-0.0246,-0.0988,0,-0.026,-0.9996,-0.0126,0,0.916,3.3236,101.5349,1]},
{"frame":247,"values":[0.0986,-0.0152,0.995,0,0.9948,-0.0248,-0.0989,0,-0.0261,-0.9996,-0.0126,0,0.9056,3.3068,101.5322,1]},
{"frame":248,"values":[0.0987,-0.0153,0.995,0,0.9948,-0.025,-0.099,0,-0.0264,-0.9996,-0.0127,0,0.8948,3.2888,101.5292,1]},
{"frame":249,"values":[0.0987,-0.0154,0.995,0,0.9948,-0.0253,-0.0991,0,-0.0267,-0.9996,-0.0128,0,0.8841,3.2708,101.5267,1]},
{"frame":250,"values":[0.0987,-0.0156,0.995,0,0.9948,-0.0255,-0.0991,0,-0.0269,-0.9996,-0.013,0,0.8729,3.2534,101.5247,1]},
{"frame":251,"values":[0.0986,-0.0158,0.995,0,0.9948,-0.0255,-0.099,0,-0.0269,-0.9995,-0.0132,0,0.8608,3.237,101.523,1]},
{"frame":252,"values":[0.0985,-0.016,0.995,0,0.9948,-0.0256,-0.0989,0,-0.027,-0.9995,-0.0134,0,0.8476,3.2214,101.5208,1]},
{"frame":253,"values":[0.0983,-0.0162,0.995,0,0.9948,-0.0257,-0.0987,0,-0.0272,-0.9995,-0.0136,0,0.8333,3.2071,101.5179,1]},
{"frame":254,"values":[0.0982,-0.0164,0.995,0,0.9948,-0.0259,-0.0986,0,-0.0274,-0.9995,-0.0138,0,0.8171,3.1948,101.5142,1]},
{"frame":255,"values":[0.098,-0.0166,0.995,0,0.9948,-0.0262,-0.0984,0,-0.0277,-0.9995,-0.014,0,0.7981,3.1859,101.5106,1]},
{"frame":256,"values":[0.0979,-0.0169,0.9951,0,0.9948,-0.0265,-0.0983,0,-0.028,-0.9995,-0.0142,0,0.776,3.1812,101.508,1]},
{"frame":257,"values":[0.0978,-0.0172,0.9951,0,0.9948,-0.0266,-0.0982,0,-0.0282,-0.9995,-0.0145,0,0.7516,3.1809,101.5074,1]},
{"frame":258,"values":[0.0976,-0.0175,0.9951,0,0.9948,-0.0267,-0.0981,0,-0.0283,-0.9995,-0.0148,0,0.7262,3.1841,101.5085,1]},
{"frame":259,"values":[0.0975,-0.0179,0.9951,0,0.9948,-0.0267,-0.098,0,-0.0283,-0.9995,-0.0152,0,0.7007,3.1887,101.5098,1]},
{"frame":260,"values":[0.0974,-0.0182,0.9951,0,0.9948,-0.0267,-0.0978,0,-0.0283,-0.9995,-0.0155,0,0.6763,3.1927,101.5098,1]},
{"frame":261,"values":[0.0972,-0.0184,0.9951,0,0.9949,-0.0265,-0.0977,0,-0.0282,-0.9995,-0.0157,0,0.6536,3.1947,101.5081,1]},
{"frame":262,"values":[0.0971,-0.0184,0.9951,0,0.9949,-0.0263,-0.0975,0,-0.0279,-0.9995,-0.0158,0,0.6329,3.1945,101.5062,1]},
{"frame":263,"values":[0.0969,-0.0184,0.9951,0,0.9949,-0.026,-0.0973,0,-0.0277,-0.9995,-0.0158,0,0.6138,3.1927,101.5057,1]},
{"frame":264,"values":[0.0966,-0.0184,0.9951,0,0.9949,-0.0257,-0.0971,0,-0.0273,-0.9995,-0.0158,0,0.5957,3.1897,101.5062,1]},
{"frame":265,"values":[0.0964,-0.0183,0.9952,0,0.995,-0.0253,-0.0969,0,-0.027,-0.9995,-0.0158,0,0.5785,3.1856,101.506,1]},
{"frame":266,"values":[0.0962,-0.0183,0.9952,0,0.995,-0.0251,-0.0967,0,-0.0267,-0.9995,-0.0158,0,0.5623,3.1801,101.5036,1]},
{"frame":267,"values":[0.0961,-0.0181,0.9952,0,0.995,-0.0248,-0.0965,0,-0.0265,-0.9995,-0.0156,0,0.5473,3.1737,101.4999,1]},
{"frame":268,"values":[0.0959,-0.0179,0.9952,0,0.995,-0.0247,-0.0963,0,-0.0263,-0.9995,-0.0155,0,0.5332,3.1675,101.4974,1]},
{"frame":269,"values":[0.0957,-0.0177,0.9953,0,0.9951,-0.0246,-0.0961,0,-0.0262,-0.9995,-0.0152,0,0.5194,3.1631,101.498,1]},
{"frame":270,"values":[0.0953,-0.0174,0.9953,0,0.9951,-0.0246,-0.0957,0,-0.0261,-0.9995,-0.015,0,0.5055,3.1618,101.5012,1]},
{"frame":271,"values":[0.0949,-0.0172,0.9953,0,0.9951,-0.0246,-0.0953,0,-0.0261,-0.9995,-0.0148,0,0.4911,3.1641,101.5054,1]},
{"frame":272,"values":[0.0945,-0.017,0.9954,0,0.9952,-0.0248,-0.0949,0,-0.0263,-0.9995,-0.0146,0,0.476,3.1698,101.509,1]},
{"frame":273,"values":[0.0942,-0.017,0.9954,0,0.9952,-0.0252,-0.0946,0,-0.0266,-0.9995,-0.0145,0,0.4597,3.1783,101.5114,1]},
{"frame":274,"values":[0.094,-0.017,0.9954,0,0.9952,-0.0256,-0.0944,0,-0.0271,-0.9995,-0.0145,0,0.4417,3.1889,101.5125,1]},
{"frame":275,"values":[0.0938,-0.0171,0.9954,0,0.9952,-0.026,-0.0942,0,-0.0275,-0.9995,-0.0146,0,0.4221,3.2005,101.5128,1]},
{"frame":276,"values":[0.0937,-0.0173,0.9954,0,0.9952,-0.0263,-0.0942,0,-0.0279,-0.9995,-0.0147,0,0.4012,3.2119,101.5123,1]},
{"frame":277,"values":[0.0937,-0.0174,0.9955,0,0.9952,-0.0264,-0.0941,0,-0.0279,-0.9995,-0.0148,0,0.3805,3.2223,101.511,1]},
{"frame":278,"values":[0.0936,-0.0175,0.9955,0,0.9952,-0.0263,-0.094,0,-0.0278,-0.9995,-0.0149,0,0.3608,3.2313,101.5093,1]},
{"frame":279,"values":[0.0935,-0.0176,0.9955,0,0.9952,-0.026,-0.094,0,-0.0276,-0.9995,-0.015,0,0.3423,3.239,101.5078,1]},
{"frame":280,"values":[0.0935,-0.0177,0.9955,0,0.9952,-0.0257,-0.0939,0,-0.0272,-0.9995,-0.0152,0,0.3245,3.2452,101.5077,1]},
{"frame":281,"values":[0.0934,-0.0179,0.9955,0,0.9953,-0.0254,-0.0938,0,-0.027,-0.9995,-0.0155,0,0.308,3.2497,101.5091,1]},
{"frame":282,"values":[0.0933,-0.0181,0.9955,0,0.9953,-0.0252,-0.0937,0,-0.0268,-0.9995,-0.0156,0,0.294,3.2524,101.5113,1]},
{"frame":283,"values":[0.0931,-0.0181,0.9955,0,0.9953,-0.0251,-0.0935,0,-0.0267,-0.9995,-0.0157,0,0.2829,3.2533,101.5123,1]},
{"frame":284,"values":[0.093,-0.0181,0.9955,0,0.9953,-0.025,-0.0934,0,-0.0266,-0.9995,-0.0157,0,0.274,3.2524,101.5108,1]},
{"frame":285,"values":[0.0929,-0.018,0.9955,0,0.9953,-0.025,-0.0934,0,-0.0266,-0.9995,-0.0156,0,0.2657,3.2499,101.5074,1]},
{"frame":286,"values":[0.0929,-0.018,0.9955,0,0.9953,-0.0251,-0.0934,0,-0.0266,-0.9995,-0.0156,0,0.2581,3.2458,101.5035,1]},
{"frame":287,"values":[0.093,-0.0181,0.9955,0,0.9953,-0.0252,-0.0935,0,-0.0268,-0.9995,-0.0156,0,0.2519,3.2403,101.5005,1]},
{"frame":288,"values":[0.0931,-0.0181,0.9955,0,0.9953,-0.0255,-0.0936,0,-0.0271,-0.9995,-0.0156,0,0.2478,3.2339,101.498,1]},
{"frame":289,"values":[0.0932,-0.0181,0.9955,0,0.9953,-0.0257,-0.0937,0,-0.0273,-0.9995,-0.0156,0,0.2455,3.2266,101.495,1]},
{"frame":290,"values":[0.0933,-0.018,0.9955,0,0.9953,-0.0258,-0.0938,0,-0.0274,-0.9995,-0.0155,0,0.2444,3.2177,101.4912,1]},
{"frame":291,"values":[0.0933,-0.018,0.9955,0,0.9953,-0.0258,-0.0938,0,-0.0274,-0.9995,-0.0155,0,0.2439,3.2062,101.4883,1]},
{"frame":292,"values":[0.0933,-0.0178,0.9955,0,0.9953,-0.0257,-0.0938,0,-0.0273,-0.9995,-0.0154,0,0.2443,3.1918,101.4881,1]},
{"frame":293,"values":[0.0933,-0.0177,0.9955,0,0.9953,-0.0257,-0.0937,0,-0.0272,-0.9995,-0.0153,0,0.2455,3.1755,101.4905,1]},
{"frame":294,"values":[0.0932,-0.0176,0.9955,0,0.9953,-0.0256,-0.0936,0,-0.0271,-0.9995,-0.0152,0,0.247,3.1591,101.4932,1]},
{"frame":295,"values":[0.0932,-0.0176,0.9955,0,0.9953,-0.0255,-0.0936,0,-0.0271,-0.9995,-0.0151,0,0.2485,3.1439,101.4937,1]},
{"frame":296,"values":[0.0932,-0.0175,0.9955,0,0.9953,-0.0254,-0.0937,0,-0.027,-0.9995,-0.0151,0,0.2499,3.1303,101.4912,1]},
{"frame":297,"values":[0.0933,-0.0175,0.9955,0,0.9953,-0.0254,-0.0937,0,-0.0269,-0.9995,-0.0151,0,0.2517,3.1189,101.4867,1]},
{"frame":298,"values":[0.0934,-0.0176,0.9955,0,0.9953,-0.0254,-0.0938,0,-0.0269,-0.9995,-0.0151,0,0.2539,3.1102,101.4817,1]},
{"frame":299,"values":[0.0935,-0.0177,0.9955,0,0.9953,-0.0255,-0.094,0,-0.027,-0.9995,-0.0153,0,0.2565,3.1052,101.4766,1]},
{"frame":300,"values":[0.0937,-0.018,0.9954,0,0.9952,-0.0255,-0.0941,0,-0.0271,-0.9995,-0.0155,0,0.2592,3.1042,101.4726,1]},
{"frame":301,"values":[0.0939,-0.0183,0.9954,0,0.9952,-0.0255,-0.0943,0,-0.0271,-0.9995,-0.0159,0,0.2623,3.1065,101.4709,1]},
{"frame":302,"values":[0.094,-0.0187,0.9954,0,0.9952,-0.0255,-0.0944,0,-0.0271,-0.9995,-0.0162,0,0.2662,3.1106,101.4726,1]},
{"frame":303,"values":[0.0939,-0.0189,0.9954,0,0.9952,-0.0254,-0.0944,0,-0.0271,-0.9995,-0.0165,0,0.2713,3.1152,101.4766,1]},
{"frame":304,"values":[0.0938,-0.0191,0.9954,0,0.9952,-0.0254,-0.0943,0,-0.0271,-0.9995,-0.0166,0,0.2776,3.1188,101.4803,1]},
{"frame":305,"values":[0.0938,-0.0191,0.9954,0,0.9952,-0.0254,-0.0942,0,-0.0271,-0.9995,-0.0166,0,0.2853,3.1205,101.4814,1]},
{"frame":306,"values":[0.0938,-0.0191,0.9954,0,0.9952,-0.0256,-0.0943,0,-0.0273,-0.9995,-0.0167,0,0.2943,3.1196,101.4801,1]},
{"frame":307,"values":[0.0939,-0.0192,0.9954,0,0.9952,-0.0258,-0.0943,0,-0.0274,-0.9995,-0.0167,0,0.3047,3.1165,101.4784,1]},
{"frame":308,"values":[0.0939,-0.0192,0.9954,0,0.9952,-0.0259,-0.0944,0,-0.0276,-0.9995,-0.0167,0,0.3162,3.1121,101.4779,1]},
{"frame":309,"values":[0.0939,-0.0192,0.9954,0,0.9952,-0.0259,-0.0944,0,-0.0276,-0.9995,-0.0167,0,0.328,3.1075,101.4788,1]},
{"frame":310,"values":[0.0939,-0.0192,0.9954,0,0.9952,-0.0258,-0.0944,0,-0.0275,-0.9995,-0.0167,0,0.3398,3.1032,101.4799,1]},
{"frame":311,"values":[0.0939,-0.0193,0.9954,0,0.9952,-0.0258,-0.0944,0,-0.0275,-0.9995,-0.0168,0,0.3514,3.0987,101.4801,1]},
{"frame":312,"values":[0.094,-0.0194,0.9954,0,0.9952,-0.0259,-0.0945,0,-0.0276,-0.9995,-0.0169,0,0.363,3.094,101.4795,1]},
{"frame":313,"values":[0.094,-0.0195,0.9954,0,0.9952,-0.026,-0.0945,0,-0.0277,-0.9995,-0.0169,0,0.3743,3.0887,101.4786,1]},
{"frame":314,"values":[0.0941,-0.0195,0.9954,0,0.9952,-0.0261,-0.0946,0,-0.0279,-0.9995,-0.017,0,0.3849,3.0833,101.4778,1]},
{"frame":315,"values":[0.0942,-0.0196,0.9954,0,0.9952,-0.0263,-0.0947,0,-0.028,-0.9995,-0.017,0,0.3943,3.0782,101.4772,1]},
{"frame":316,"values":[0.0943,-0.0196,0.9953,0,0.9951,-0.0264,-0.0948,0,-0.0281,-0.9995,-0.017,0,0.4026,3.0739,101.4776,1]},
{"frame":317,"values":[0.0945,-0.0196,0.9953,0,0.9951,-0.0264,-0.095,0,-0.0282,-0.9995,-0.017,0,0.4104,3.0706,101.4786,1]},
{"frame":318,"values":[0.0946,-0.0197,0.9953,0,0.9951,-0.0265,-0.0951,0,-0.0282,-0.9995,-0.0171,0,0.4182,3.0685,101.4798,1]},
{"frame":319,"values":[0.0947,-0.0197,0.9953,0,0.9951,-0.0265,-0.0952,0,-0.0283,-0.9995,-0.0171,0,0.4258,3.0678,101.48,1]},
{"frame":320,"values":[0.0948,-0.0198,0.9953,0,0.9951,-0.0266,-0.0954,0,-0.0283,-0.9995,-0.0172,0,0.4327,3.0683,101.4791,1]},
{"frame":321,"values":[0.095,-0.0199,0.9953,0,0.9951,-0.0266,-0.0955,0,-0.0283,-0.9994,-0.0173,0,0.4382,3.0696,101.4779,1]},
{"frame":322,"values":[0.095,-0.02,0.9953,0,0.9951,-0.0265,-0.0955,0,-0.0283,-0.9994,-0.0174,0,0.4424,3.0712,101.4768,1]},
{"frame":323,"values":[0.0951,-0.02,0.9953,0,0.9951,-0.0264,-0.0956,0,-0.0282,-0.9995,-0.0174,0,0.4457,3.0728,101.4754,1]},
{"frame":324,"values":[0.0953,-0.0201,0.9953,0,0.9951,-0.0263,-0.0958,0,-0.0281,-0.9995,-0.0175,0,0.4487,3.0744,101.4732,1]},
{"frame":325,"values":[0.0955,-0.0201,0.9952,0,0.995,-0.0263,-0.096,0,-0.0281,-0.9995,-0.0175,0,0.4515,3.076,101.4707,1]},
{"frame":326,"values":[0.0956,-0.0201,0.9952,0,0.995,-0.0263,-0.0962,0,-0.0281,-0.9995,-0.0175,0,0.4546,3.077,101.4689,1]},
{"frame":327,"values":[0.0958,-0.0201,0.9952,0,0.995,-0.0262,-0.0963,0,-0.028,-0.9995,-0.0175,0,0.4585,3.0773,101.4687,1]},
{"frame":328,"values":[0.0958,-0.0199,0.9952,0,0.995,-0.0261,-0.0963,0,-0.0279,-0.9995,-0.0173,0,0.4636,3.0769,101.4695,1]},
{"frame":329,"values":[0.0957,-0.0197,0.9952,0,0.995,-0.0259,-0.0962,0,-0.0277,-0.9995,-0.0171,0,0.47,3.0762,101.4703,1]},
